1,2,-1,0,98.7,101.3,31,44,-13,3.2,4.5,26,23,3,53.06,95.45,96.77,33,13,20,16,14,2
2,3,-1,0,99.4,100.6,29,40,-11,6.9,7.5,30,30,0,50,92.5,93.1,17,22,-5,14,16,-2
2,4,-2,1,97,106.5,21,25,-4,9.5,16,24,23,1,51.06,87.5,90.48,12,12,0,15,18,-3
1,6,-5,0,83.3,116.7,25,29,-4,4,20.7,25,34,-9,42.37,79.31,96,31,16,15,16,11,5
4,3,1,1,109.7,90.3,23,39,-16,17.4,7.7,25,32,-7,43.86,92.31,82.61,16,8,8,11,16,-5
3,2,1,1,110,90,21,47,-26,14.3,4.3,28,36,-8,43.75,95.74,85.71,10,16,-6,16,12,4
2,6,-4,0,83.2,116.8,32,26,6,6.3,23.1,32,25,7,56.14,76.92,93.75,31,31,0,5,9,-4
1,4,-3,0,91.9,108.1,27,34,-7,3.7,11.8,21,32,-11,39.62,88.24,96.3,28,14,14,23,14,9
4,3,1,1,98.4,101.6,37,31,6,8.1,9.7,25,24,1,51.02,90.32,91.89,24,16,8,13,15,-2
2,3,-1,1,93.4,106.6,31,23,8,6.5,13,23,35,-12,39.66,86.96,93.55,5,20,-15,9,22,-13
5,4,1,1,101.8,98.2,33,30,3,15.2,13.3,25,38,-13,39.68,86.67,84.85,18,22,-4,13,10,3
6,2,4,1,108.2,91.8,37,25,12,16.2,8,29,33,-4,46.77,92,83.78,19,11,8,15,15,0
2,5,-3,1,94.3,108.1,37,37,0,5.4,13.5,27,38,-11,41.54,88.89,94.59,24,9,15,16,8,8
4,1,3,0,108.5,94.1,35,34,1,11.4,2.9,27,28,-1,49.09,97.06,91.18,17,17,0,33,15,18
3,4,-1,0,99.1,100.9,25,31,-6,12,12.9,25,35,-10,41.67,87.1,88,26,16,10,17,15,2
2,7,-5,0,81.1,118.9,25,26,-1,8,26.9,24,24,0,50,73.08,92,18,25,-7,17,15,2
2,1,1,1,109.9,90.1,15,29,-14,13.3,3.4,22,26,-4,45.83,96.55,86.67,22,11,11,23,8,15
2,3,-1,0,101.8,98.2,21,39,-18,9.5,7.7,28,36,-8,43.75,92.31,90.48,24,20,4,18,20,-2
4,7,-3,1,99.5,102.5,29,43,-14,13.8,16.3,29,29,0,50,85.71,86.21,22,9,13,18,17,1
4,1,3,1,111.2,92,28,32,-4,14.3,3.1,36,26,10,58.06,96.88,88.89,24,22,2,18,17,1
3,4,-1,1,98.2,105.7,24,22,2,12.5,18.2,21,26,-5,44.68,85.71,87.5,29,17,12,13,23,-10
2,3,-1,0,104.2,95.8,16,36,-20,12.5,8.3,17,41,-24,29.31,91.67,87.5,20,26,-6,12,15,-3
6,2,4,0,117.4,83.5,26,35,-9,23.1,5.7,25,32,-7,43.86,94.29,77.78,21,28,-7,15,11,4
3,6,-3,1,84.7,115.3,31,24,7,9.7,25,32,21,11,60.38,75,90.32,27,12,15,10,16,-6
5,2,3,1,111.7,91.7,25,24,1,20,8.3,27,22,5,55.1,91.67,83.33,15,19,-4,13,17,-4
2,3,-1,0,103,97,18,37,-19,11.1,8.1,29,38,-9,43.28,91.89,88.89,26,33,-7,18,11,7
4,5,-1,0,100.4,99.6,28,36,-8,14.3,13.9,30,35,-5,46.15,86.11,85.71,37,28,9,12,12,0
3,2,1,0,103.7,96.3,29,30,-1,10.3,6.7,17,37,-20,31.48,93.33,89.66,16,25,-9,19,12,7
2,1,1,0,101.6,98.4,26,45,-19,3.8,2.2,23,34,-11,40.35,97.78,96.15,18,14,4,15,21,-6
2,1,1,1,103.4,96.6,28,27,1,7.1,3.7,27,34,-7,44.26,96.3,92.86,41,28,13,16,12,4
3,2,1,1,104.9,95.1,22,23,-1,13.6,8.7,18,29,-11,38.3,91.3,86.36,23,11,12,14,20,-6
1,4,-3,0,92.9,110.1,31,30,1,3.2,13.3,24,36,-12,40,89.66,96.77,20,25,-5,17,25,-8
6,4,2,0,112.8,90.6,23,30,-7,26.1,13.3,24,36,-12,40,86.67,77.27,16,12,4,19,11,8
5,2,3,1,109.6,90.4,35,43,-8,14.3,4.7,32,28,4,53.33,95.35,85.71,17,16,1,25,12,13
5,1,4,1,111.6,91,34,32,2,14.7,3.1,26,35,-9,42.62,96.88,87.88,20,12,8,17,10,7
2,5,-3,1,89.4,110.6,30,29,1,6.7,17.2,25,34,-9,42.37,82.76,93.33,18,15,3,17,15,2
0,3,-3,0,95.5,106.7,34,45,-11,0,6.7,23,30,-7,43.4,95.45,100,14,21,-7,15,15,0
3,4,-1,0,99.5,100.5,37,35,2,8.1,8.6,32,26,6,55.17,91.43,91.89,24,12,12,12,12,0
0,3,-3,0,88,112,19,25,-6,0,12,20,23,-3,46.51,88,100,28,6,22,15,14,1
3,2,1,0,109.6,90.4,20,37,-17,15,5.4,27,40,-13,40.3,94.59,85,26,32,-6,28,8,20
0,6,-6,0,80,120,22,30,-8,0,20,33,30,3,52.38,80,100,31,29,2,19,12,7
2,6,-4,0,91,109,23,34,-11,8.7,17.6,24,28,-4,46.15,82.35,91.3,29,28,1,16,17,-1
2,3,-1,1,98.1,101.9,28,33,-5,7.1,9.1,30,25,5,54.55,90.91,92.86,24,12,12,14,10,4
4,1,3,1,112.7,90.7,26,37,-11,15.4,2.7,30,29,1,50.85,97.3,88,31,26,5,24,11,13
2,3,-1,0,95.4,104.6,29,26,3,6.9,11.5,20,31,-11,39.22,88.46,93.1,14,3,11,12,14,-2
4,3,1,0,106.7,93.3,24,30,-6,16.7,10,18,32,-14,36,90,83.33,44,26,18,22,9,13
3,2,1,1,105.7,94.3,26,34,-8,11.5,5.9,31,37,-6,45.59,94.12,88.46,18,25,-7,21,10,11
5,3,2,1,102.6,100.1,32,23,9,15.6,13,27,18,9,60,86.96,87.1,26,13,13,13,14,-1
1,3,-2,1,94.7,109,33,25,8,3,12,25,31,-6,44.64,91.67,96.97,18,15,3,16,16,0
1,3,-2,0,94,106,32,33,-1,3.1,9.1,28,28,0,50,90.91,96.88,18,13,5,10,16,-6
5,4,1,0,97.3,102.7,30,25,5,13.3,16,29,36,-7,44.62,84,86.67,19,13,6,20,25,-5
2,4,-2,1,92.6,111.1,32,23,9,6.3,17.4,28,25,3,52.83,86.36,93.75,27,17,10,12,22,-10
3,2,1,1,101,99,31,23,8,9.7,8.7,31,31,0,50,91.3,90.32,27,12,15,17,21,-4
4,3,1,0,107.7,92.3,27,42,-15,14.8,7.1,31,31,0,50,92.86,85.19,21,23,-2,23,16,7
2,3,-1,0,98.1,101.9,28,33,-5,7.1,9.1,25,34,-9,42.37,90.91,92.86,22,16,6,16,10,6
1,5,-4,0,88.4,111.6,32,34,-2,3.1,14.7,19,35,-16,35.19,85.29,96.88,37,23,14,15,12,3
2,3,-1,0,97.4,102.6,29,21,8,6.9,9.5,28,28,0,50,90.48,93.1,30,21,9,11,17,-6
1,5,-4,1,91.2,111.4,27,33,-6,3.7,15.2,23,32,-9,41.82,87.5,96.3,21,15,6,14,21,-7
1,4,-3,1,95.6,107.1,20,33,-13,5,12.1,17,35,-18,32.69,90.63,95,17,11,6,14,17,-3
4,3,1,1,99.1,100.9,34,31,3,8.8,9.7,31,33,-2,48.44,90.32,91.18,32,22,10,17,19,-2
1,2,-1,1,92.1,107.9,31,18,13,3.2,11.1,25,28,-3,47.17,88.89,96.77,25,18,7,20,9,11
5,2,3,0,110.6,89.4,33,44,-11,15.2,4.5,27,44,-17,38.03,95.45,84.85,34,21,13,16,17,-1
2,3,-1,1,98,102.4,23,27,-4,8.7,11.1,21,31,-10,40.38,89.29,91.3,32,15,17,17,13,4
2,3,-1,1,102.1,101,24,32,-8,8.3,9.4,16,31,-15,34.04,93.75,91.67,25,17,8,19,10,9
3,2,1,0,102.5,97.5,24,20,4,12.5,10,26,29,-3,47.27,90,87.5,27,13,14,14,15,-1
4,2,2,0,109.3,90.7,27,36,-9,14.8,5.6,23,45,-22,33.82,94.44,85.19,29,13,16,21,12,9
6,4,2,1,104.7,98.1,29,25,4,20.7,16,24,34,-10,41.38,84,82.14,23,11,12,15,12,3
2,3,-1,1,100.6,99.4,24,39,-15,8.3,7.7,21,30,-9,41.18,92.31,91.67,20,19,1,16,17,-1
4,2,2,1,108.3,94.7,30,40,-10,13.3,5,26,34,-8,43.33,95,89.66,20,18,2,21,16,5
2,5,-3,1,89.6,110.4,35,31,4,5.7,16.1,20,28,-8,41.67,83.87,94.29,21,9,12,18,21,-3
1,5,-4,1,91,109,22,37,-15,4.5,13.5,29,34,-5,46.03,86.49,95.45,16,17,-1,19,7,12
2,4,-2,1,91.2,108.8,40,29,11,5,13.8,27,26,1,50.94,86.21,95,19,9,10,7,26,-19
1,2,-1,0,99.9,100.1,23,45,-22,4.3,4.4,26,31,-5,45.61,95.56,95.65,27,17,10,26,13,13
3,1,2,0,111.2,92.9,22,41,-19,13.6,2.4,19,39,-20,32.76,97.56,90.48,22,16,6,25,14,11
2,6,-4,0,90,110,26,34,-8,7.7,17.6,24,39,-15,38.1,82.35,92.31,20,24,-4,13,10,3
1,2,-1,0,96.8,103.2,33,32,1,3,6.3,28,28,0,50,93.75,96.97,19,26,-7,18,15,3
3,1,2,1,103.9,98.4,40,28,12,7.5,3.6,32,39,-7,45.07,96.43,94.87,15,22,-7,25,15,10
1,4,-3,1,101.3,104,14,36,-22,7.1,11.1,20,33,-13,37.74,94.12,92.86,20,20,0,17,11,6
3,4,-1,0,107.6,92.4,19,49,-30,15.8,8.2,23,36,-13,38.98,91.84,84.21,21,16,5,27,19,8
5,4,1,1,101.4,98.6,34,30,4,14.7,13.3,26,42,-16,38.24,86.67,85.29,19,9,10,19,20,-1
1,3,-2,0,95,105,23,32,-9,4.3,9.4,20,23,-3,46.51,90.63,95.65,23,16,7,15,18,-3
2,0,2,0,106.7,96.6,30,30,0,6.7,0,26,31,-5,45.61,100,96.55,16,17,-1,18,10,8
4,5,-1,1,97.4,102.6,24,26,-2,16.7,19.2,34,30,4,53.13,80.77,83.33,29,20,9,18,8,10
4,1,3,0,108.3,94.5,32,24,8,12.5,4.2,26,25,1,50.98,95.83,90.32,15,27,-12,9,11,-2
2,5,-3,1,86.1,117.7,33,21,12,6.1,23.8,33,22,11,60,80,93.94,32,21,11,7,11,-4
7,2,5,0,118.5,81.5,25,21,4,28,9.5,26,21,5,55.32,90.48,72,15,27,-12,14,12,2
3,6,-3,0,101.1,101.2,20,37,-17,15,16.2,26,27,-1,49.06,86.11,85,23,13,10,17,8,9
5,1,4,1,116,84,27,40,-13,18.5,2.5,24,30,-6,44.44,97.5,81.48,39,12,27,25,7,18
1,4,-3,0,95.6,107.2,19,32,-13,5.3,12.5,28,31,-3,47.46,90.32,94.74,29,34,-5,15,21,-6
3,4,-1,1,100,100,24,32,-8,12.5,12.5,32,29,3,52.46,87.5,87.5,20,17,3,13,15,-2
1,2,-1,0,95.7,104.3,21,22,-1,4.8,9.1,25,26,-1,49.02,90.91,95.24,39,38,1,9,7,2
2,6,-4,0,91.8,108.2,25,37,-12,8,16.2,33,29,4,53.23,83.78,92,11,19,-8,15,15,0
2,7,-5,0,84.9,115.1,13,23,-10,15.4,30.4,29,33,-4,46.77,69.57,84.62,24,13,11,8,12,-4
1,3,-2,0,94.3,109.9,23,21,2,4.3,14.3,26,22,4,54.17,90,95.65,19,13,6,21,16,5
1,5,-4,0,89.6,110.4,19,32,-13,5.3,15.6,32,22,10,59.26,84.38,94.74,29,16,13,12,15,-3
2,3,-1,1,100,100,20,30,-10,10,10,33,20,13,62.26,90,90,31,27,4,23,10,13
2,6,-4,1,106.1,98.3,12,40,-28,16.7,15,24,31,-7,43.64,89.47,83.33,36,19,17,19,11,8
3,6,-3,0,95.9,106.8,25,32,-7,12,18.8,29,33,-4,46.77,83.87,88,34,23,11,11,15,-4
3,2,1,1,105.4,94.6,24,28,-4,12.5,7.1,41,31,10,56.94,92.86,87.5,35,40,-5,13,14,-1
4,0,4,0,116,87.5,25,25,0,16,0,27,31,-4,46.55,100,87.5,35,21,14,23,20,3
2,3,-1,0,92.8,107.2,34,23,11,5.9,13,34,22,12,60.71,86.96,94.12,25,13,12,12,13,-1
3,6,-3,1,97,105.7,21,30,-9,14.3,20,29,24,5,54.72,82.76,85.71,36,16,20,17,14,3
0,1,-1,0,95.5,104.5,28,22,6,0,4.5,23,23,0,50,95.45,100,27,22,5,13,7,6
3,2,1,0,105.5,98.1,26,33,-7,11.5,6.1,22,37,-15,37.29,93.94,92,18,27,-9,21,7,14
1,2,-1,1,92.6,107.4,39,20,19,2.6,10,27,29,-2,48.21,90,97.44,33,20,13,18,25,-7
4,5,-1,1,93.9,106.1,36,29,7,11.1,17.2,28,30,-2,48.28,82.76,88.89,20,30,-10,13,11,2
2,3,-1,1,96.3,103.7,30,29,1,6.7,10.3,37,17,20,68.52,89.66,93.33,25,16,9,12,19,-7
3,4,-1,1,102,98,24,38,-14,12.5,10.5,34,27,7,55.74,89.47,87.5,21,6,15,17,13,4
2,3,-1,0,98.1,101.9,17,22,-5,11.8,13.6,25,31,-6,44.64,86.36,88.24,17,32,-15,9,22,-13
3,0,3,1,108.6,94.1,35,36,-1,8.6,0,30,30,0,50,100,94.12,14,15,-1,14,15,-1
6,3,3,1,112,91.2,25,25,0,24,12,21,32,-11,39.62,88,79.17,19,39,-20,13,18,-5
2,6,-4,1,88.6,114.3,28,28,0,7.1,21.4,41,24,17,63.08,81.48,92.86,25,13,12,10,21,-11
2,7,-5,0,88.7,113.8,27,33,-6,7.4,21.2,28,24,4,53.85,81.25,92.59,17,20,-3,14,17,-3
3,1,2,1,116.4,89.3,15,28,-13,20,3.6,28,25,3,52.83,96.43,85.71,25,22,3,22,11,11
2,0,2,1,107.7,96,26,29,-3,7.7,0,19,24,-5,44.19,100,96,27,20,7,20,24,-4
1,5,-4,0,89.6,110.4,23,34,-11,4.3,14.7,27,27,0,50,85.29,95.65,11,11,0,19,17,2
6,3,3,1,107.5,97.8,33,28,5,18.2,10.7,26,34,-8,43.33,89.29,87.1,29,31,-2,10,21,-11
5,6,-1,0,106.5,93.5,28,44,-16,17.9,11.4,33,37,-4,47.14,88.64,82.14,29,28,1,25,16,9
6,2,4,1,120.6,86.3,24,45,-21,25,4.4,37,39,-2,48.68,95.56,81.82,22,25,-3,14,8,6
4,3,1,0,115.2,84.8,18,43,-25,22.2,7,31,41,-10,43.06,93.02,77.78,42,30,12,29,9,20
1,4,-3,0,93.6,109.3,28,31,-3,3.6,12.9,39,31,8,55.71,90,96.43,35,24,11,20,13,7
0,4,-4,1,92.1,110.3,26,39,-13,0,10.3,20,27,-7,42.55,92.11,100,45,18,27,17,16,1
4,5,-1,1,99.8,100.2,30,37,-7,13.3,13.5,27,29,-2,48.21,86.49,86.67,31,14,17,22,19,3
4,6,-2,0,98.1,107.8,31,29,2,12.9,20.7,25,30,-5,45.45,85.19,87.1,23,20,3,6,14,-8
1,2,-1,0,95.6,104.4,33,27,6,3,7.4,32,30,2,51.61,92.59,96.97,18,16,2,17,24,-7
1,3,-2,0,96,107.4,27,27,0,3.7,11.1,33,30,3,52.38,92.31,96.3,16,26,-10,20,28,-8
4,0,4,1,114.3,85.7,28,18,10,14.3,0,23,22,1,51.11,100,85.71,30,22,8,16,4,12
2,6,-4,0,89.5,110.5,26,33,-7,7.7,18.2,30,24,6,55.56,81.82,92.31,18,15,3,17,17,0
4,1,3,1,109.1,94.8,22,11,11,18.2,9.1,33,17,16,66,90.91,85.71,19,18,1,17,11,6
3,1,2,1,110.8,93.9,19,20,-1,15.8,5,27,18,9,60,95,88.89,28,22,6,15,20,-5
2,3,-1,0,96.2,103.8,26,26,0,7.7,11.5,30,26,4,53.57,88.46,92.31,30,25,5,14,10,4
4,3,1,0,98.4,101.6,35,23,12,11.4,13,34,16,18,68,86.96,88.57,17,23,-6,12,15,-3
5,1,4,0,112.9,87.1,28,20,8,17.9,5,31,32,-1,49.21,95,82.14,18,30,-12,21,15,6
1,5,-4,0,82.9,120.9,34,21,13,2.9,23.8,25,19,6,56.82,80,97.06,23,26,-3,19,20,-1
1,8,-7,0,81.3,118.7,24,35,-11,4.2,22.9,35,32,3,52.24,77.14,95.83,56,35,21,8,16,-8
4,3,1,1,101.4,98.6,31,26,5,12.9,11.5,33,35,-2,48.53,88.46,87.1,33,18,15,9,18,-9
4,2,2,0,105.7,94.3,27,22,5,14.8,9.1,30,18,12,62.5,90.91,85.19,22,12,10,14,16,-2
3,2,1,1,100.6,99.4,35,25,10,8.6,8,30,36,-6,45.45,92,91.43,40,14,26,16,19,-3
6,3,3,1,109.3,93.5,30,28,2,20,10.7,33,28,5,54.1,89.29,82.76,26,18,8,20,12,8
1,2,-1,1,97.7,102.3,31,36,-5,3.2,5.6,27,29,-2,48.21,94.44,96.77,25,15,10,12,15,-3
6,3,3,0,116.1,87.5,21,24,-3,28.6,12.5,28,29,-1,49.12,87.5,75,35,36,-1,15,11,4
0,2,-2,1,92.9,113.3,33,15,18,0,13.3,36,25,11,59.02,92.86,100,29,30,-1,11,26,-15
2,1,1,0,101.9,98.1,29,20,9,6.9,5,33,27,6,55,95,93.1,23,9,14,16,7,9
1,0,1,1,103.2,96.8,31,22,9,3.2,0,31,27,4,53.45,100,96.77,24,10,14,14,20,-6
1,5,-4,1,85.6,114.4,29,28,1,3.4,17.9,29,30,-1,49.15,82.14,96.55,13,22,-9,10,21,-11
2,3,-1,1,101.4,98.6,18,31,-13,11.1,9.7,33,26,7,55.93,90.32,88.89,18,27,-9,9,11,-2
2,7,-5,0,89.6,110.4,25,38,-13,8,18.4,36,27,9,57.14,81.58,92,25,6,19,9,9,0
3,2,1,0,100.9,99.1,30,22,8,10,9.1,26,22,4,54.17,90.91,90,29,17,12,10,10,0
2,3,-1,1,103.7,96.3,16,34,-18,12.5,8.8,24,27,-3,47.06,91.18,87.5,42,35,7,16,13,3
4,3,1,1,102.4,97.6,38,37,1,10.5,8.1,33,29,4,53.23,91.89,89.47,22,12,10,12,17,-5
0,4,-4,0,88.5,114.8,29,27,2,0,14.8,28,34,-6,45.16,88.46,100,32,19,13,10,12,-2
2,0,2,1,106.1,93.9,33,23,10,6.1,0,38,22,16,63.33,100,93.94,15,18,-3,27,15,12
3,0,3,0,109.7,93.3,31,20,11,9.7,0,24,21,3,53.33,100,93.33,22,30,-8,18,19,-1
2,8,-6,0,91.7,108.3,15,37,-22,13.3,21.6,41,32,9,56.16,78.38,86.67,32,12,20,13,7,6
0,2,-2,1,94.4,110.5,25,19,6,0,10.5,20,31,-11,39.22,94.44,100,23,28,-5,11,28,-17
4,3,1,1,98.7,101.3,34,23,11,11.8,13,23,35,-12,39.66,86.96,88.24,20,27,-7,19,18,1
2,5,-3,1,94.5,108.2,27,32,-5,7.4,15.6,28,25,3,52.83,87.1,92.59,29,18,11,14,9,5
0,4,-4,0,92.7,109.5,33,42,-9,0,9.5,26,34,-8,43.33,92.68,100,17,32,-15,18,10,8
1,2,-1,0,98.3,101.7,22,32,-10,4.5,6.3,23,26,-3,46.94,93.75,95.45,29,12,17,19,8,11
5,3,2,0,107.2,96,26,25,1,19.2,12,38,24,14,61.29,88,84,35,35,0,14,15,-1
3,4,-1,1,95.7,104.3,27,26,1,11.1,15.4,33,28,5,54.1,84.62,88.89,40,36,4,8,7,1
2,1,1,1,104.8,95.2,26,34,-8,7.7,2.9,27,22,5,55.1,97.06,92.31,32,26,6,19,15,4
6,4,2,1,104,96,29,24,5,20.7,16.7,33,33,0,50,83.33,79.31,20,19,1,15,16,-1
4,6,-2,0,97.1,102.9,28,35,-7,14.3,17.1,31,33,-2,48.44,82.86,85.71,26,21,5,21,8,13
5,4,1,1,99.5,103.3,31,24,7,16.1,16.7,28,27,1,50.91,83.33,86.67,14,10,4,14,17,-3
0,4,-4,1,90.3,112.5,35,32,3,0,12.5,31,32,-1,49.21,90.32,100,13,17,-4,12,19,-7
4,7,-3,0,93.4,106.6,25,31,-6,16,22.6,33,36,-3,47.83,77.42,84,16,13,3,9,12,-3
2,3,-1,0,101.3,98.7,28,34,-6,7.1,5.9,20,32,-12,38.46,94.12,92.86,20,34,-14,13,11,2
2,3,-1,0,94.9,105.1,41,30,11,4.9,10,29,29,0,50,90,95.12,15,25,-10,13,17,-4
3,0,3,1,116.7,83.3,18,33,-15,16.7,0,24,30,-6,44.44,100,83.33,22,12,10,16,13,3
6,3,3,1,101.2,101.1,37,20,17,16.2,15,27,26,1,50.94,85,86.11,13,23,-10,8,17,-9
3,2,1,1,96.9,103.1,38,24,14,5.3,8.3,23,32,-9,41.82,91.67,94.74,16,19,-3,18,14,4
5,2,3,0,117,86.7,22,35,-13,22.7,5.7,22,34,-12,39.29,94.29,80.95,13,25,-12,27,8,19
8,5,3,0,117.5,85.4,23,29,-6,34.8,17.2,28,25,3,52.83,82.76,68.18,16,21,-5,19,12,7
4,7,-3,0,97.2,102.8,21,32,-11,19,21.9,23,28,-5,45.1,78.13,80.95,12,15,-3,11,15,-4
7,3,4,1,115.3,88.7,30,25,5,23.3,12,27,37,-10,42.19,92,76.67,15,28,-13,14,8,6
3,2,1,1,106.3,93.8,24,32,-8,12.5,6.3,16,39,-23,29.09,93.75,87.5,16,25,-9,18,13,5
5,3,2,0,121.1,83.3,17,36,-19,29.4,8.3,30,35,-5,46.15,91.67,75,20,24,-4,13,7,6
1,4,-3,0,89.8,114.3,21,21,0,4.8,19,22,27,-5,44.9,85,95.24,20,20,0,12,18,-6
2,5,-3,0,97.4,108.7,27,31,-4,7.4,16.1,31,29,2,51.67,90,92.59,24,18,6,16,9,7
3,2,1,0,100,100,30,20,10,10,10,20,33,-13,37.74,90,90,27,31,-4,10,23,-13
4,3,1,1,92.3,107.7,37,19,18,8.1,15.8,48,19,29,71.64,84.21,91.89,36,22,14,13,14,-1
3,7,-4,0,87.4,112.6,26,29,-3,11.5,24.1,36,26,10,58.06,75.86,88.46,16,17,-1,10,20,-10
3,2,1,1,107.2,92.8,23,34,-11,13,5.9,26,33,-7,44.07,94.12,86.96,13,23,-10,12,10,2
0,4,-4,0,91.4,111.1,21,36,-15,0,11.1,20,25,-5,44.44,91.43,100,19,29,-10,17,5,12
5,6,-1,0,92.1,107.9,33,26,7,15.2,23.1,30,36,-6,45.45,76.92,84.85,23,19,4,10,12,-2
2,6,-4,1,90.6,112.3,22,28,-6,9.1,21.4,33,31,2,51.56,81.48,90.91,29,24,5,14,21,-7
3,4,-1,0,88.3,111.7,36,20,16,8.3,20,25,37,-12,40.32,80,91.67,37,20,17,10,24,-14
2,4,-2,1,97.3,105.8,25,29,-4,8,13.8,28,39,-11,41.79,89.29,92,28,27,1,17,28,-11
2,5,-3,0,102.2,100.2,15,37,-22,13.3,13.5,31,35,-4,46.97,88.89,86.67,20,19,1,18,8,10
3,2,1,1,97,103,37,18,19,8.1,11.1,38,29,9,56.72,88.89,91.89,33,26,7,11,18,-7
8,2,6,1,117.1,82.9,33,28,5,24.2,7.1,30,29,1,50.85,92.86,75.76,29,28,1,19,11,8
4,6,-2,0,91.1,112.3,29,23,6,13.8,26.1,26,33,-7,44.07,77.27,86.21,22,33,-11,14,26,-12
3,2,1,1,107.4,92.6,21,29,-8,14.3,6.9,27,25,2,51.92,93.1,85.71,24,18,6,18,18,0
4,3,1,1,99.3,100.7,34,24,10,11.8,12.5,27,17,10,61.36,87.5,88.24,25,35,-10,20,12,8
4,3,1,1,105.1,94.9,27,31,-4,14.8,9.7,19,34,-15,35.85,90.32,85.19,23,25,-2,16,8,8
7,2,5,1,113.8,88.7,33,27,6,21.2,7.4,24,28,-4,46.15,92.59,81.25,20,17,3,17,14,3
2,3,-1,0,96.1,103.9,41,34,7,4.9,8.8,32,33,-1,49.23,91.18,95.12,29,15,14,7,16,-9
2,5,-3,0,93.4,113.3,34,26,8,5.9,19.2,41,26,15,61.19,87.5,94.12,20,19,1,14,19,-5
3,2,1,0,105.7,94.3,26,34,-8,11.5,5.9,25,25,0,50,94.12,88.46,19,15,4,11,12,-1
4,6,-2,0,98.6,103.9,29,34,-5,13.8,17.6,25,27,-2,48.08,84.85,86.21,18,16,2,7,11,-4
2,5,-3,1,82.5,117.5,42,18,24,4.8,22.2,26,32,-6,44.83,77.78,95.24,19,21,-2,14,17,-3
4,2,2,1,111.3,92.9,24,37,-13,16.7,5.4,28,28,0,50,94.59,87.5,16,11,5,25,12,13
2,6,-4,1,87.9,115,35,29,6,5.7,20.7,24,40,-16,37.5,82.14,94.29,20,18,2,1,18,-17
4,0,4,0,119,81,21,35,-14,19,0,25,40,-15,38.46,100,80.95,21,27,-6,15,9,6
4,3,1,1,100.4,99.6,27,28,-1,11.1,10.7,28,33,-5,45.9,89.29,88.89,10,23,-13,20,12,8
1,3,-2,0,95.1,104.9,24,33,-9,4.2,9.1,27,20,7,57.45,90.91,95.83,17,19,-2,10,17,-7
5,6,-1,0,103.1,96.9,21,29,-8,23.8,20.7,37,30,7,55.22,79.31,76.19,27,31,-4,9,9,0
2,4,-2,0,99.3,103.4,23,33,-10,8.7,12.1,13,36,-23,26.53,90.63,91.3,23,10,13,17,11,6
4,2,2,0,119.6,80.4,16,37,-21,25,5.4,24,36,-12,40,94.59,75,20,14,6,23,4,19
6,2,4,1,105.4,94.6,35,17,18,17.1,11.8,25,24,1,51.02,88.24,82.86,24,35,-11,11,9,2
7,1,6,0,124.4,78.6,25,28,-3,28,3.6,27,37,-10,42.19,96.43,75,17,19,-2,30,9,21
1,3,-2,0,93.9,110.8,20,19,1,5,15.8,18,27,-9,40,88.89,95,22,28,-6,20,15,5
3,6,-3,1,93.3,109.6,27,29,-2,11.1,20.7,20,27,-7,42.55,82.14,88.89,24,26,-2,11,21,-10
1,6,-5,0,82.5,117.5,21,27,-6,4.8,22.2,29,27,2,51.79,77.78,95.24,26,7,19,13,23,-10
3,5,-2,0,101.1,101.1,27,41,-14,11.1,12.2,29,38,-9,43.28,90,88.89,13,37,-24,16,4,12
2,4,-2,0,99.5,103.4,21,31,-10,9.5,12.9,31,26,5,54.39,90,90.48,25,27,-2,10,17,-7
2,3,-1,1,99,104.3,31,28,3,6.5,10.7,32,37,-5,46.38,92.59,93.55,19,33,-14,18,20,-2
5,6,-1,1,107.7,92.3,21,31,-10,23.8,16.1,28,35,-7,44.44,83.87,76.19,28,12,16,20,11,9
2,5,-3,1,90.1,109.9,25,28,-3,8,17.9,36,24,12,60,82.14,92,39,9,30,13,19,-6
2,3,-1,1,97,103,30,31,-1,6.7,9.7,30,37,-7,44.78,90.32,93.33,28,15,13,15,18,-3
4,5,-1,1,101.1,98.9,30,41,-11,13.3,12.2,28,29,-1,49.12,87.8,86.67,19,24,-5,11,13,-2
0,3,-3,0,89.5,115,29,20,9,0,15,24,32,-8,42.86,89.47,100,16,30,-14,13,16,-3
3,4,-1,1,90.6,109.4,34,22,12,8.8,18.2,29,27,2,51.79,81.82,91.18,18,24,-6,15,17,-2
0,1,-1,1,96.7,103.3,39,30,9,0,3.3,32,28,4,53.33,96.67,100,15,22,-7,14,32,-18
4,2,2,0,106.8,96.1,31,33,-2,12.9,6.1,51,26,25,66.23,93.94,90,20,45,-25,16,13,3
3,2,1,0,101,102.1,32,24,8,9.4,8.3,31,16,15,65.96,91.67,93.75,17,25,-8,10,19,-9
1,0,1,0,105.3,94.7,19,23,-4,5.3,0,23,34,-11,40.35,100,94.74,19,19,0,18,14,4
2,5,-3,0,95.1,107.6,25,32,-7,8,15.6,38,39,-1,49.35,87.1,92,13,14,-1,12,25,-13
4,3,1,1,101,99,33,27,6,12.1,11.1,22,39,-17,36.07,88.89,87.88,26,28,-2,10,19,-9
5,7,-2,1,100.5,102.7,18,23,-5,27.8,30.4,40,26,14,60.61,72.73,72.22,23,16,7,13,14,-1
3,2,1,1,102.8,97.2,19,26,-7,10.5,7.7,39,26,13,60,92.31,89.47,18,20,-2,19,15,4
6,1,5,0,123.4,76.6,22,26,-4,27.3,3.8,28,26,2,51.85,96.15,72.73,17,34,-17,21,10,11
5,1,4,1,112.1,87.9,34,38,-4,14.7,2.6,27,35,-8,43.55,97.37,85.29,37,35,2,11,11,0
1,2,-1,0,94.4,105.6,32,23,9,3.1,8.7,23,35,-12,39.66,91.3,96.88,17,11,6,18,16,2
3,4,-1,1,97.5,102.5,35,36,-1,8.6,11.1,26,31,-5,45.61,88.89,91.43,18,18,0,9,23,-14
2,5,-3,1,91,109,28,31,-3,7.1,16.1,40,22,18,64.52,83.87,92.86,24,19,5,14,11,3
5,3,2,1,100.8,101.5,39,25,14,12.8,12,24,49,-25,32.88,88,89.47,14,12,2,15,17,-2
4,2,2,1,109.3,94.2,25,30,-5,16,6.7,19,30,-11,38.78,93.33,87.5,17,20,-3,27,16,11
4,2,2,0,112.8,91.1,22,37,-15,18.2,5.4,25,29,-4,46.3,94.59,85.71,24,21,3,14,19,-5
4,6,-2,0,92.7,107.3,24,25,-1,16.7,24,28,27,1,50.91,76,83.33,18,16,2,8,17,-9
5,6,-1,0,101.2,98.8,33,43,-10,15.2,14,25,41,-16,37.88,86.05,84.85,21,18,3,17,14,3
5,2,3,1,110.5,92.6,27,25,2,18.5,8,32,30,2,51.61,92,84.62,26,26,0,16,14,2
1,3,-2,1,93.9,110,33,23,10,3,13,35,25,10,58.33,90.91,96.97,28,16,12,15,19,-4
1,3,-2,0,97.4,102.8,18,36,-18,5.6,8.3,18,33,-15,35.29,91.89,94.44,25,13,12,10,22,-12
1,4,-3,1,89.6,114.2,31,23,8,3.2,17.4,34,25,9,57.63,86.36,96.77,25,25,0,15,17,-2
5,1,4,0,114,86,29,31,-2,17.2,3.2,29,23,6,55.77,96.77,82.76,15,19,-4,11,7,4
5,4,1,1,104.8,95.2,28,42,-14,14.3,9.5,34,40,-6,45.95,90.48,85.71,22,13,9,19,19,0
5,2,3,1,110,92.9,30,30,0,16.7,6.7,30,34,-4,46.88,93.33,86.21,34,21,13,12,18,-6
4,2,2,1,101.4,98.6,32,18,14,12.5,11.1,30,27,3,52.63,88.89,87.5,26,25,1,24,18,6
3,4,-1,0,90.3,109.7,39,23,16,7.7,17.4,32,25,7,56.14,82.61,92.31,8,16,-8,16,11,5
3,2,1,0,102.9,97.1,32,31,1,9.4,6.5,30,31,-1,49.18,93.55,90.63,33,21,12,12,14,-2
2,3,-1,1,99.9,100.1,23,34,-11,8.7,8.8,35,35,0,50,91.18,91.3,38,14,24,11,21,-10
4,1,3,1,108.1,91.9,34,27,7,11.8,3.7,32,21,11,60.38,96.3,88.24,14,28,-14,14,23,-9
1,3,-2,0,95.5,107.8,34,28,6,2.9,10.7,21,36,-15,36.84,92.59,97.06,33,28,5,14,17,-3
3,2,1,0,100.7,99.3,27,30,-3,7.4,6.7,22,31,-9,41.51,93.33,92.59,47,22,25,21,18,3
2,3,-1,0,96.8,103.2,28,29,-1,7.1,10.3,24,32,-8,42.86,89.66,92.86,19,18,1,21,19,2
2,5,-3,1,81.9,122.1,48,19,29,4.2,26.3,25,34,-9,42.37,77.78,95.83,26,20,6,18,32,-14
4,3,1,1,100.5,99.5,37,29,8,10.8,10.3,31,27,4,53.45,89.66,89.19,27,23,4,12,26,-14
4,3,1,0,101.1,98.9,35,29,6,11.4,10.3,21,40,-19,34.43,89.66,88.57,19,19,0,13,16,-3
5,3,2,0,107.5,95.5,28,29,-1,17.9,10.3,26,28,-2,48.15,89.66,85.19,17,20,-3,14,22,-8
2,1,1,0,98,102,35,13,22,5.7,7.7,24,34,-10,41.38,92.31,94.29,36,37,-1,13,16,-3
2,6,-4,0,87,113,26,29,-3,7.7,20.7,15,37,-22,28.85,79.31,92.31,31,20,11,10,23,-13
2,4,-2,1,97.2,106,24,28,-4,8.3,14.3,25,31,-6,44.64,88.89,91.67,32,19,13,16,17,-1
3,4,-1,1,103.4,96.6,23,31,-8,13,9.7,34,27,7,55.74,90.32,86.96,29,18,11,11,24,-13
1,0,1,1,104.2,95.8,24,26,-2,4.2,0,18,39,-21,31.58,100,95.83,18,25,-7,9,16,-7
2,3,-1,0,96,104,28,27,1,7.1,11.1,28,32,-4,46.67,88.89,92.86,21,15,6,27,14,13
6,3,3,0,107.3,95.2,34,29,5,17.6,10.3,30,32,-2,48.39,89.66,84.85,20,11,9,19,15,4
1,2,-1,0,100.2,99.8,16,33,-17,6.3,6.1,28,29,-1,49.12,93.94,93.75,25,12,13,23,13,10
0,3,-3,0,92.9,107.1,23,42,-19,0,7.1,31,33,-2,48.44,92.86,100,29,17,12,21,8,13
0,3,-3,0,90.5,113.6,28,22,6,0,13.6,31,26,5,54.39,90.48,100,27,14,13,17,13,4
3,1,2,0,108.3,91.7,25,27,-2,12,3.7,30,37,-7,44.78,96.3,88,27,20,7,29,15,14
3,2,1,1,101.4,98.6,36,29,7,8.3,6.9,28,37,-9,43.08,93.1,91.67,23,22,1,20,23,-3
2,3,-1,1,96.2,103.8,29,28,1,6.9,10.7,26,29,-3,47.27,89.29,93.1,17,23,-6,17,24,-7
2,4,-2,1,95.1,104.9,29,34,-5,6.9,11.8,33,33,0,50,88.24,93.1,22,13,9,18,11,7
3,6,-3,1,94.3,108.5,26,30,-4,11.5,20,34,38,-4,47.22,82.76,88.46,22,20,2,14,23,-9
3,2,1,0,102.1,97.9,35,31,4,8.6,6.5,39,30,9,56.52,93.55,91.43,18,24,-6,21,13,8
1,3,-2,1,94.6,109.6,34,24,10,2.9,12.5,30,32,-2,48.39,91.67,97.06,24,17,7,13,23,-10
4,1,3,1,110.1,92.9,30,31,-1,13.3,3.2,36,24,12,60,96.77,89.66,25,20,5,25,17,8
1,3,-2,1,90,110,33,23,10,3,13,29,29,0,50,86.96,96.97,15,22,-7,12,22,-10
2,5,-3,0,90.6,109.4,22,27,-5,9.1,18.5,27,32,-5,45.76,81.48,90.91,38,32,6,9,15,-6
5,4,1,0,101.2,98.8,29,25,4,17.2,16,39,24,15,61.9,84,82.76,20,23,-3,13,20,-7
5,2,3,1,113.3,93.4,26,34,-8,19.2,5.9,26,41,-15,38.81,94.12,87.5,19,20,-1,19,14,5
3,1,2,0,111.1,93,22,39,-17,13.6,2.6,22,23,-1,48.89,97.44,90.48,25,11,14,21,17,4
1,4,-3,0,89.7,110.3,29,29,0,3.4,13.8,30,33,-3,47.62,86.21,96.55,21,28,-7,12,14,-2
1,2,-1,0,95.6,104.4,28,25,3,3.6,8,21,23,-2,47.73,92,96.43,20,20,0,13,18,-5
5,2,3,0,105.9,94.1,36,25,11,13.9,8,26,32,-6,44.83,92,86.11,22,29,-7,15,17,-2
2,1,1,1,108,92,18,32,-14,11.1,3.1,18,33,-15,35.29,96.88,88.89,20,10,10,13,17,-4
3,2,1,0,101.9,98.1,33,28,5,9.1,7.1,25,30,-5,45.45,92.86,90.91,12,24,-12,10,14,-4
1,4,-3,1,92,111.2,32,28,4,3.1,14.3,36,32,4,52.94,88.89,96.88,9,11,-2,6,30,-24
3,5,-2,1,95.5,107.7,26,26,0,11.5,19.2,27,32,-5,45.76,84,88.46,36,21,15,11,16,-5
3,1,2,1,106.2,97,29,24,5,10.3,4.2,31,34,-3,47.69,95.83,92.86,28,29,-1,11,16,-5
0,3,-3,0,94.4,108.1,31,37,-6,0,8.1,31,30,1,50.82,94.44,100,20,12,8,17,17,0
3,1,2,0,104.5,98.3,33,22,11,9.1,4.5,26,29,-3,47.27,95.45,93.75,19,16,3,15,17,-2
6,4,2,1,105.7,97,30,28,2,20,14.3,25,30,-5,45.45,85.71,82.76,27,12,15,19,14,5
2,3,-1,1,95.9,104.1,32,29,3,6.3,10.3,28,33,-5,45.9,89.66,93.75,30,27,3,9,22,-13
3,4,-1,1,101.6,98.4,23,35,-12,13,11.4,16,34,-18,32,88.57,86.96,23,17,6,15,12,3
3,0,3,1,111.1,88.9,27,32,-5,11.1,0,20,33,-13,37.74,100,88.89,16,30,-14,16,11,5
3,8,-5,1,82.9,117.1,22,26,-4,13.6,30.8,24,40,-16,37.5,69.23,86.36,17,13,4,20,15,5
4,3,1,0,99.3,100.7,28,20,8,14.3,15,23,30,-7,43.4,85,85.71,21,28,-7,21,13,8
2,6,-4,0,85,115,31,28,3,6.5,21.4,38,42,-4,47.5,78.57,93.55,32,11,21,14,17,-3
3,4,-1,1,91,109,39,24,15,7.7,16.7,37,43,-6,46.25,83.33,92.31,20,16,4,10,21,-11
3,0,3,1,113.6,90.5,22,16,6,13.6,0,31,21,10,59.62,100,90.48,21,19,2,14,19,-5
2,6,-4,0,92.3,107.7,32,43,-11,6.3,14,30,35,-5,46.15,86.05,93.75,16,12,4,13,23,-10
2,5,-3,0,94.8,107.8,29,34,-5,6.9,14.7,33,33,0,50,87.88,93.1,28,24,4,10,20,-10
1,2,-1,0,96.6,103.4,25,27,-2,4,7.4,26,36,-10,41.94,92.59,96,11,17,-6,14,18,-4
3,4,-1,0,97.8,102.2,27,30,-3,11.1,13.3,30,39,-9,43.48,86.67,88.89,14,27,-13,23,20,3
4,3,1,1,96.6,103.4,31,23,8,9.7,13,17,31,-14,35.42,86.96,90.32,16,13,3,18,16,2
3,2,1,1,99.2,100.8,49,29,20,6.1,6.9,25,35,-10,41.67,93.1,93.88,12,19,-7,14,17,-3
2,1,1,1,99.8,100.2,31,29,2,3.2,3.4,25,42,-17,37.31,96.55,96.77,18,24,-6,11,24,-13
2,0,2,1,106.1,96.9,33,29,4,6.1,0,42,43,-1,49.41,100,96.88,21,38,-17,19,17,2
1,3,-2,0,94.1,105.9,29,32,-3,3.4,9.4,25,36,-11,40.98,90.63,96.55,13,19,-6,7,16,-9
3,1,2,1,107.3,96,28,29,-1,10.7,3.4,25,21,4,54.35,96.55,92.59,23,25,-2,36,18,18
2,3,-1,0,97.2,102.8,26,19,7,7.7,10.5,26,39,-13,40,89.47,92.31,20,18,2,15,19,-4
3,4,-1,0,97.6,102.4,37,38,-1,8.1,10.5,29,33,-4,46.77,89.47,91.89,12,22,-10,17,12,5
3,2,1,0,100.2,99.8,35,24,11,8.6,8.3,29,39,-10,42.65,91.67,91.43,29,25,4,13,22,-9
2,4,-2,1,96.5,106.5,31,31,0,6.5,12.9,33,29,4,53.23,90,93.55,13,19,-6,15,25,-10
3,0,3,1,109.4,93.5,32,22,10,9.4,0,34,32,2,51.52,100,93.55,30,22,8,18,15,3
1,5,-4,0,85.4,114.6,31,28,3,3.2,17.9,28,38,-10,42.42,82.14,96.77,30,15,15,21,12,9
0,5,-5,0,86.8,113.2,16,38,-22,0,13.2,27,37,-10,42.19,86.84,100,23,10,13,23,23,0
3,5,-2,1,98.6,103.9,29,35,-6,10.3,14.3,39,34,5,53.42,88.24,89.66,31,18,13,18,17,1
2,4,-2,1,99.1,103.1,32,43,-11,6.3,9.3,30,43,-13,41.1,92.86,93.75,31,17,14,19,15,4
4,3,1,1,104.1,95.9,25,38,-13,12,7.9,28,48,-20,36.84,92.11,88,24,31,-7,11,21,-10
1,2,-1,0,95.8,104.2,22,23,-1,4.5,8.7,27,34,-7,44.26,91.3,95.45,31,27,4,16,10,6
3,1,2,1,108,95.4,27,32,-5,11.1,3.1,32,34,-2,48.48,96.88,92.31,29,14,15,21,18,3
4,1,3,0,109.9,93.1,29,26,3,13.8,3.8,23,29,-6,44.23,96.15,89.29,28,15,13,17,17,0
6,3,3,1,111.3,91.4,32,40,-8,18.8,7.5,30,36,-6,45.45,92.5,83.87,29,28,1,15,17,-2
6,5,1,0,102.2,97.8,26,24,2,23.1,20.8,30,35,-5,46.15,79.17,76.92,18,13,5,22,12,10
5,7,-2,0,93.3,106.7,33,32,1,15.2,21.9,32,31,1,50.79,78.13,84.85,17,22,-5,14,14,0
2,4,-2,0,92.6,111.3,29,22,7,6.9,18.2,36,22,14,62.07,85.71,93.1,34,27,7,14,20,-6
1,4,-3,1,83.8,116.2,26,20,6,3.8,20,23,30,-7,43.4,80,96.15,27,18,9,5,18,-13
7,3,4,1,115.3,90.4,28,31,-3,25,9.7,28,28,0,50,90.32,80.77,16,23,-7,13,10,3
4,5,-1,0,97.5,102.5,34,28,6,11.8,14.3,37,20,17,64.91,85.71,88.24,12,31,-19,12,21,-9
0,3,-3,0,83.3,116.7,33,18,15,0,16.7,30,24,6,55.56,83.33,100,12,22,-10,13,16,-3
1,5,-4,0,84,116,40,27,13,2.5,18.5,30,24,6,55.56,81.48,97.5,12,39,-27,7,25,-18
3,5,-2,0,89.1,114.7,33,21,12,9.1,23.8,37,24,13,60.66,80,90.91,7,17,-10,6,25,-19
5,1,4,1,111.4,88.6,31,21,10,16.1,4.8,29,28,1,50.88,95.24,83.87,15,35,-20,12,14,-2
6,4,2,1,107.1,92.9,30,31,-1,20,12.9,26,35,-9,42.62,87.1,80,8,23,-15,11,9,2
4,1,3,1,110,98,24,15,9,16.7,6.7,26,32,-6,44.83,93.33,91.3,16,22,-6,10,22,-12
1,3,-2,1,84.1,115.9,35,16,19,2.9,18.8,30,23,7,56.6,81.25,97.14,10,17,-7,3,22,-19
5,2,3,0,108.1,94.3,37,37,0,13.5,5.4,38,27,11,58.46,94.59,88.89,9,24,-15,8,16,-8
2,7,-5,0,77.6,122.4,36,25,11,5.6,28,29,30,-1,49.15,72,94.44,15,23,-8,10,17,-7
3,1,2,0,106.3,93.7,29,25,4,10.3,4,31,21,10,59.62,96,89.66,7,27,-20,19,20,-1
5,0,5,0,116.7,83.3,30,26,4,16.7,0,24,22,2,52.17,100,83.33,9,26,-17,15,31,-16
4,2,2,1,104.8,98,32,26,6,12.5,7.7,39,20,19,66.1,92.31,90.32,5,22,-17,15,27,-12
4,1,3,1,108.7,91.3,31,24,7,12.9,4.2,22,31,-9,41.51,95.83,87.1,16,25,-9,16,17,-1
4,2,2,1,105.7,97.6,27,22,5,14.8,9.1,26,32,-6,44.83,90.91,88.46,11,17,-6,15,18,-3
3,2,1,1,107.2,92.8,23,34,-11,13,5.9,22,34,-12,39.29,94.12,86.96,13,25,-12,13,12,1
2,1,1,0,102.7,97.3,30,25,5,6.7,4,29,19,10,60.42,96,93.33,23,33,-10,11,20,-9
2,1,1,1,99.8,100.2,33,16,17,6.1,6.3,29,28,1,50.88,93.75,93.94,12,25,-13,13,23,-10
1,3,-2,1,96.1,106.9,36,31,5,2.8,9.7,28,29,-1,49.12,93.33,97.22,14,12,2,14,15,-1
5,2,3,1,100.2,102.2,37,15,22,13.5,13.3,35,31,4,53.03,86.67,88.89,19,20,-1,8,18,-10
0,4,-4,0,77.8,122.2,20,18,2,0,22.2,26,18,8,59.09,77.78,100,21,27,-6,11,21,-10
3,6,-3,0,94.3,117.5,35,23,12,8.6,26.1,28,39,-11,41.79,85.71,91.43,23,24,-1,4,21,-17
7,3,4,1,110.7,91.5,38,39,-1,18.4,7.7,40,29,11,57.97,92.31,83.78,16,21,-5,14,10,4
1,2,-1,0,94.3,105.7,38,24,14,2.6,8.3,32,22,10,59.26,91.67,97.37,8,19,-11,11,23,-12
0,3,-3,0,90,110,29,30,-1,0,10,40,22,18,64.52,90,100,13,24,-11,10,22,-12
2,4,-2,1,91.8,108.2,28,26,2,7.1,15.4,31,28,3,52.54,84.62,92.86,15,22,-7,10,16,-6
3,2,1,1,101.1,98.9,27,20,7,11.1,10,25,26,-1,49.02,90,88.89,15,18,-3,13,17,-4
4,0,4,0,115.4,84.6,26,22,4,15.4,0,31,24,7,56.36,100,84.62,11,21,-10,15,7,8
2,3,-1,0,96.3,103.7,27,27,0,7.4,11.1,24,45,-21,34.78,88.89,92.59,19,38,-19,17,14,3
7,4,3,1,98.1,103.9,43,22,21,16.3,18.2,36,26,10,58.06,81.82,85.71,16,22,-6,6,21,-15
2,1,1,0,106.2,93.8,19,23,-4,10.5,4.3,24,26,-2,48,95.65,89.47,31,23,8,13,17,-4
4,3,1,0,96.3,103.7,48,25,23,8.3,12,40,26,14,60.61,88,91.67,19,23,-4,10,21,-11
3,2,1,1,104.3,95.7,28,31,-3,10.7,6.5,41,26,15,61.19,93.55,89.29,18,19,-1,14,22,-8
2,4,-2,0,92.9,111.3,37,24,13,5.4,16.7,28,28,0,50,87.5,94.59,11,16,-5,12,25,-13
2,3,-1,1,90.4,109.6,37,20,17,5.4,15,40,27,13,59.7,85,94.59,32,26,6,8,28,-20
2,0,2,1,110,90,20,14,6,10,0,28,32,-4,46.67,100,90,10,25,-15,27,13,14
6,3,3,1,108.6,93.9,34,33,1,17.6,9.1,27,26,1,50.94,90.91,84.85,13,26,-13,11,22,-11
2,3,-1,0,97.4,102.6,31,33,-2,6.5,9.1,45,33,12,57.69,90.91,93.55,24,19,5,13,14,-1
4,3,1,1,97.1,102.9,31,19,12,12.9,15.8,37,29,8,56.06,84.21,87.1,17,22,-5,11,22,-11
0,4,-4,1,88.5,114.8,21,27,-6,0,14.8,38,24,14,61.29,88.46,100,11,14,-3,12,17,-5
3,1,2,0,103.7,98.7,40,26,14,7.5,3.8,35,36,-1,49.3,96.15,94.87,34,28,6,16,15,1
3,4,-1,0,97.9,102.1,35,28,7,8.6,10.7,30,43,-13,41.1,89.29,91.43,21,14,7,12,20,-8
5,2,3,1,103.5,98.7,41,23,18,12.2,8.7,36,23,13,61.02,91.3,90,41,41,0,11,13,-2
2,4,-2,0,89.1,110.9,31,23,8,6.5,17.4,21,30,-9,41.18,82.61,93.55,24,20,4,11,15,-4
2,5,-3,0,90.7,112.6,27,25,2,7.4,20,27,28,-1,49.09,83.33,92.59,29,25,4,10,15,-5
3,1,2,0,104.7,98.1,33,23,10,9.1,4.3,28,26,2,51.85,95.65,93.75,26,33,-7,14,13,1
1,3,-2,0,90.4,109.6,25,22,3,4,13.6,31,25,6,55.36,86.36,96,12,23,-11,13,27,-14
4,0,4,1,113.8,86.2,29,32,-3,13.8,0,24,28,-4,46.15,100,86.21,13,18,-5,15,16,-1
4,1,3,1,110.7,89.3,28,28,0,14.3,3.6,36,23,13,61.02,96.43,85.71,17,23,-6,11,16,-5
0,3,-3,1,90.5,113.6,32,22,10,0,13.6,31,38,-7,44.93,90.48,100,29,26,3,8,16,-8
3,2,1,1,102,98,28,23,5,10.7,8.7,23,29,-6,44.23,91.3,89.29,31,34,-3,19,19,0
3,4,-1,0,93.7,106.3,31,25,6,9.7,16,32,26,6,55.17,84,90.32,17,25,-8,8,32,-24
5,3,2,1,98.5,104,35,19,16,14.3,15.8,38,21,17,64.41,84.21,88.24,13,22,-9,11,15,-4
2,4,-2,1,96.2,103.8,19,28,-9,10.5,14.3,29,27,2,51.79,85.71,89.47,26,15,11,11,25,-14
0,6,-6,0,82.9,117.1,20,35,-15,0,17.1,30,31,-1,49.18,82.86,100,23,25,-2,8,15,-7
3,6,-3,1,92.4,110.3,31,30,1,9.7,20,34,31,3,52.31,82.76,90.32,16,23,-7,14,14,0
4,3,1,1,99.3,100.7,31,22,9,12.9,13.6,21,29,-8,42,86.36,87.1,17,28,-11,8,20,-12
6,4,2,1,96.6,105.9,34,19,15,17.6,21.1,43,29,14,59.72,78.95,84.85,32,12,20,6,10,-4
4,5,-1,0,98.6,101.4,36,32,4,11.1,12.5,42,27,15,60.87,87.5,88.89,21,16,5,10,19,-9
2,4,-2,0,90,110,22,21,1,9.1,19,26,24,2,52,80.95,90.91,12,25,-13,11,25,-14
4,1,3,0,105.5,94.5,37,19,18,10.8,5.3,29,23,6,55.77,94.74,89.19,12,20,-8,9,20,-11
4,1,3,1,113.3,86.7,24,30,-6,16.7,3.3,40,23,17,63.49,96.67,83.33,16,26,-10,6,17,-11
4,0,4,1,114.3,88.9,28,24,4,14.3,0,27,29,-2,48.21,100,88.89,19,28,-9,6,16,-10
1,4,-3,0,83,117,50,21,29,2,19,43,30,13,58.9,80.95,98,12,11,1,14,26,-12
5,2,3,0,108.5,94.1,34,32,2,14.7,6.3,40,27,13,59.7,93.75,87.88,13,27,-14,17,14,3
4,6,-2,0,95,107.8,31,29,2,12.9,20.7,40,27,13,59.7,82.14,87.1,16,7,9,13,10,3
5,1,4,1,126.6,75,17,36,-19,29.4,2.8,30,27,3,52.63,97.22,72.22,11,28,-17,18,12,6
6,4,2,1,92.1,110.3,35,16,19,17.1,25,23,33,-10,41.07,75,85.29,13,18,-5,9,20,-11
4,2,2,1,99.4,102.7,45,21,24,8.9,9.5,31,31,0,50,90.48,93.18,10,20,-10,11,16,-5
8,2,6,1,108.3,91.7,37,15,22,21.6,13.3,32,41,-9,43.84,86.67,78.38,12,32,-20,7,13,-6
4,3,1,0,101.4,98.6,32,27,5,12.5,11.1,26,28,-2,48.15,88.89,87.5,23,28,-5,12,8,4
4,1,3,0,105,97.4,39,19,20,10.3,5.3,28,33,-5,45.9,94.74,92.11,13,25,-12,6,23,-17
4,2,2,0,103.1,99.1,43,32,11,9.3,6.3,43,30,13,58.9,93.75,92.86,17,31,-14,15,19,-4
3,2,1,0,103.4,96.6,33,35,-2,9.1,5.7,23,29,-6,44.23,94.29,90.91,25,14,11,13,15,-2
3,4,-1,0,86.4,113.6,40,19,21,7.5,21.1,33,38,-5,46.48,78.95,92.5,13,27,-14,5,12,-7
4,1,3,0,106.7,93.3,38,26,12,10.5,3.8,27,30,-3,47.37,96.15,89.47,15,27,-12,13,21,-8
4,2,2,1,105.2,97.7,31,26,5,12.9,7.7,30,24,6,55.56,92.31,90,20,26,-6,16,25,-9
1,4,-3,1,95.2,112.6,21,23,-2,4.8,17.4,35,31,4,53.03,90.48,95.24,17,19,-2,11,19,-8
4,3,1,0,116.9,83.1,16,37,-21,25,8.1,19,31,-12,38,91.89,75,16,26,-10,14,16,-2
4,3,1,0,97.7,102.3,25,21,4,12,14.3,18,27,-9,40,85.71,88,25,12,13,16,18,-2
4,5,-1,1,103,97,32,42,-10,12.5,9.5,28,28,0,50,90.48,87.5,16,28,-12,14,7,7
5,2,3,0,117.7,86.1,21,33,-12,23.8,6.1,22,33,-11,40,93.94,80,21,32,-11,11,7,4
0,5,-5,0,81.5,118.5,26,27,-1,0,18.5,28,36,-8,43.75,81.48,100,7,15,-8,8,11,-3
3,1,2,1,106.2,96.8,31,29,2,9.7,3.4,17,26,-9,39.53,96.55,93.33,19,27,-8,10,7,3
3,5,-2,0,102.9,103.6,22,29,-7,13.6,17.2,18,29,-11,38.3,89.29,86.36,12,18,-6,14,10,4
2,3,-1,1,102.2,97.8,23,31,-8,8.7,6.5,20,37,-17,35.09,93.55,91.3,19,25,-6,16,14,2
2,5,-3,1,90.8,109.2,29,31,-2,6.9,16.1,22,23,-1,48.89,83.87,93.1,15,15,0,12,17,-5
3,5,-2,1,95.2,108.4,21,22,-1,14.3,22.7,28,26,2,51.85,80.95,85.71,19,18,1,13,13,0
3,5,-2,1,92.5,111.3,24,21,3,12.5,23.8,19,31,-12,38,80,87.5,16,29,-13,10,14,-4
7,4,3,1,110.3,89.7,29,29,0,24.1,13.8,28,39,-11,41.79,86.21,75.86,17,24,-7,13,18,-5
1,4,-3,0,87.7,112.3,27,25,2,3.7,16,22,29,-7,43.14,84,96.3,19,24,-5,12,10,2
1,3,-2,1,99.6,103.2,17,33,-16,5.9,9.1,23,21,2,52.27,93.75,94.12,22,19,3,8,10,-2
2,6,-4,1,86.9,113.1,29,30,-1,6.9,20,33,21,12,61.11,80,93.1,17,16,1,10,10,0
2,6,-4,0,70.5,129.5,19,15,4,10.5,40,26,17,9,60.47,60,89.47,25,29,-4,19,18,1
2,4,-2,0,95.2,108.3,26,25,1,7.7,16,28,26,2,51.85,87.5,92.31,24,21,3,10,16,-6
0,3,-3,0,90,114.3,20,21,-1,0,14.3,24,29,-5,45.28,90,100,18,26,-8,15,9,6
2,3,-1,0,103.2,96.8,19,41,-22,10.5,7.3,23,38,-15,37.7,92.68,89.47,21,24,-3,13,9,4
4,3,1,1,108.3,91.7,25,39,-14,16,7.7,28,35,-7,44.44,92.31,84,20,12,8,11,11,0
3,4,-1,1,99.6,100.4,20,26,-6,15,15.4,19,26,-7,42.22,84.62,85,19,17,2,10,13,-3
5,1,4,1,123.9,80.2,19,42,-23,26.3,2.4,21,29,-8,42,97.62,77.78,11,13,-2,19,12,7
6,3,3,0,115.3,84.7,24,31,-7,25,9.7,21,32,-11,39.62,90.32,75,12,27,-15,16,10,6
5,7,-2,0,101.5,98.5,22,33,-11,22.7,21.2,26,36,-10,41.94,78.79,77.27,20,17,3,16,14,2
1,2,-1,0,99,101,22,36,-14,4.5,5.6,25,40,-15,38.46,94.44,95.45,28,24,4,19,9,10
2,5,-3,1,93.6,109.3,27,30,-3,7.4,16.7,20,31,-11,39.22,86.21,92.59,16,19,-3,15,18,-3
1,5,-4,0,79.8,120.2,28,21,7,3.6,23.8,16,28,-12,36.36,76.19,96.43,14,39,-25,8,13,-5
5,6,-1,0,111.3,88.7,21,40,-19,23.8,12.5,28,32,-4,46.67,87.5,76.19,12,27,-15,14,14,0
6,2,4,1,113.9,86.1,30,33,-3,20,6.1,22,26,-4,45.83,93.94,80,20,27,-7,15,9,6
3,4,-1,1,98.8,101.2,32,38,-6,9.4,10.5,24,25,-1,48.98,89.47,90.63,18,7,11,8,17,-9
1,5,-4,0,92.6,107.4,25,44,-19,4,11.4,35,36,-1,49.3,88.64,96,15,31,-16,19,6,13
2,3,-1,0,98.9,101.1,20,27,-7,10,11.1,26,25,1,50.98,88.89,90,18,15,3,17,13,4
4,1,3,0,116.2,87.9,21,35,-14,19,2.9,22,32,-10,40.74,97.14,85,17,11,6,16,12,4
2,4,-2,1,98.9,104.3,20,28,-8,10,14.3,33,24,9,57.89,88.89,90,26,10,16,12,16,-4
3,4,-1,1,111.4,88.6,14,40,-26,21.4,10,20,23,-3,46.51,90,78.57,17,17,0,10,12,-2
3,4,-1,1,103.7,96.3,25,48,-23,12,8.3,26,40,-14,39.39,91.67,88,23,19,4,21,10,11
5,3,2,1,113.2,86.8,23,35,-12,21.7,8.6,35,25,10,58.33,91.43,78.26,29,29,0,23,12,11
2,3,-1,0,102.8,97.2,26,41,-15,7.7,4.9,23,39,-16,37.1,95.12,92.31,33,35,-2,17,13,4
2,5,-3,1,94.1,105.9,25,36,-11,8,13.9,32,26,6,55.17,86.11,92,29,22,7,17,15,2
3,4,-1,1,101.9,98.1,22,34,-12,13.6,11.8,27,21,6,56.25,88.24,86.36,27,18,9,11,13,-2
3,5,-2,0,105.2,97.9,15,28,-13,20,17.9,20,24,-4,45.45,85.19,80,21,12,9,13,7,6
3,1,2,1,112.2,87.8,20,36,-16,15,2.8,31,23,8,57.41,97.22,85,9,11,-2,9,14,-5
2,6,-4,1,89.8,110.2,27,34,-7,7.4,17.6,27,36,-9,42.86,82.35,92.59,17,21,-4,8,11,-3
4,2,2,1,110.4,89.6,26,40,-14,15.4,5,23,23,0,50,95,84.62,20,25,-5,14,9,5
2,6,-4,1,85.2,114.8,30,28,2,6.7,21.4,26,29,-3,47.27,78.57,93.33,17,20,-3,10,11,-1
1,5,-4,1,89.7,110.3,25,35,-10,4,14.3,22,31,-9,41.51,85.71,96,19,7,12,12,8,4
2,6,-4,0,94.6,105.4,17,35,-18,11.8,17.1,24,25,-1,48.98,82.86,88.24,35,24,11,9,11,-2
3,4,-1,0,98.1,105.1,31,27,4,9.7,14.8,23,23,0,50,88.46,90.32,29,26,3,17,13,4
4,6,-2,0,97,105.7,28,30,-2,14.3,20,30,25,5,54.55,82.76,85.71,12,27,-15,14,19,-5
3,1,2,1,108.8,91.2,24,27,-3,12.5,3.7,26,35,-9,42.62,96.3,87.5,19,26,-7,10,4,6
3,2,1,1,104,96,23,22,1,13,9.1,17,27,-10,38.64,90.91,86.96,13,12,1,13,15,-2
5,3,2,1,112.6,90.9,23,33,-10,21.7,9.1,22,28,-6,44,90.91,81.82,22,27,-5,10,10,0
1,4,-3,0,89.2,110.8,17,24,-7,5.9,16.7,16,31,-15,34.04,83.33,94.12,19,25,-6,20,15,5
4,5,-1,0,89.5,110.5,30,21,9,13.3,23.8,15,40,-25,27.27,76.19,86.67,15,22,-7,15,19,-4
2,1,1,0,102.9,97.1,32,30,2,6.3,3.3,13,22,-9,37.14,96.67,93.75,14,25,-11,17,14,3
2,4,-2,1,103.6,99.5,14,29,-15,14.3,13.8,23,21,2,52.27,89.29,85.71,13,15,-2,12,10,2
2,4,-2,1,94.3,105.7,22,27,-5,9.1,14.8,18,30,-12,37.5,85.19,90.91,12,22,-10,16,14,2
1,4,-3,0,89.4,114.6,27,22,5,3.7,18.2,15,27,-12,35.71,85.71,96.43,22,39,-17,6,16,-10
3,6,-3,1,95.4,107,31,36,-5,9.7,16.7,29,36,-7,44.62,85.71,90.32,21,30,-9,8,11,-3
2,3,-1,0,98.4,101.6,23,29,-6,8.7,10.3,15,27,-12,35.71,89.66,91.3,14,17,-3,16,4,12
6,2,4,1,115.7,84.3,26,27,-1,23.1,7.4,19,33,-14,36.54,92.59,76.92,14,14,0,28,10,18
2,3,-1,0,101.4,98.6,21,37,-16,9.5,8.1,21,36,-15,36.84,91.89,90.48,18,24,-6,20,18,2
3,1,2,1,112,92.5,20,33,-13,15,3,25,33,-8,43.1,96.97,89.47,19,18,1,19,8,11
2,3,-1,1,97.5,102.5,20,24,-4,10,12.5,29,26,3,52.73,87.5,90,13,27,-14,15,14,1
1,4,-3,0,97,108.7,29,33,-4,3.4,12.1,19,32,-13,37.25,93.55,96.55,14,35,-21,18,10,8
1,3,-2,0,97.3,106.3,19,26,-7,5.3,11.5,27,29,-2,48.21,92,94.74,12,14,-2,15,11,4
2,1,1,1,106.1,93.9,22,33,-11,9.1,3,28,26,2,51.85,96.97,90.91,16,25,-9,13,9,4
1,3,-2,0,98.7,103.7,26,40,-14,3.8,7.5,16,40,-24,28.57,94.87,96.15,39,15,24,22,11,11
1,4,-3,1,90.9,112.6,29,25,4,3.4,16,28,25,3,52.83,87.5,96.55,22,7,15,15,15,0
4,2,2,0,108.8,91.2,29,40,-11,13.8,5,26,27,-1,49.06,95,86.21,9,19,-10,26,7,19
4,3,1,0,106.8,93.2,21,40,-19,14.3,7.5,19,36,-17,34.55,92.5,85.71,25,24,1,17,13,4
2,3,-1,0,96.6,103.4,29,29,0,6.9,10.3,16,25,-9,39.02,89.66,93.1,13,20,-7,9,26,-17
5,2,3,0,111.5,95.2,26,26,0,19.2,7.7,24,32,-8,42.86,92.31,87.5,15,19,-4,17,13,4
2,4,-2,0,98,105,24,30,-6,8.3,13.3,27,25,2,51.92,89.66,91.67,29,9,20,22,13,9
2,3,-1,1,98.1,101.9,29,34,-5,6.9,8.8,26,36,-10,41.94,91.18,93.1,10,21,-11,16,16,0
3,6,-3,1,88.8,111.2,34,30,4,8.8,20,37,25,12,59.68,80,91.18,16,25,-9,14,12,2
2,4,-2,1,91.1,112.8,37,22,15,5.4,18.2,29,25,4,53.7,85.71,94.59,21,24,-3,19,14,5
4,2,2,1,105.7,94.3,27,22,5,14.8,9.1,26,33,-7,44.07,90.91,85.19,13,22,-9,18,18,0
1,3,-2,0,95.4,108,32,27,5,3.1,11.1,34,32,2,51.52,92.31,96.88,14,29,-15,18,21,-3
5,2,3,0,119.7,80.3,20,38,-18,25,5.3,25,38,-13,39.68,94.74,75,16,9,7,35,12,23
1,2,-1,0,98.1,101.9,26,35,-9,3.8,5.7,22,38,-16,36.67,94.29,96.15,17,13,4,16,10,6
2,5,-3,0,92.3,110.8,26,27,-1,7.7,18.5,30,30,0,50,84.62,92.31,24,20,4,12,23,-11
4,2,2,0,106.5,97,25,21,4,16,9.5,23,24,-1,48.94,90.48,87.5,12,12,0,18,15,3
4,5,-1,0,100.2,99.8,26,33,-7,15.4,15.2,25,32,-7,43.86,84.85,84.62,22,22,0,23,12,11
1,4,-3,1,92.8,110.2,32,30,2,3.1,13.3,29,36,-7,44.62,89.66,96.88,16,14,2,19,11,8
3,2,1,1,96,104,36,21,15,5.6,9.5,37,34,3,52.11,90.48,94.44,27,16,11,11,15,-4
4,5,-1,0,91.2,112.5,39,22,17,10.3,22.7,25,29,-4,46.3,80.95,89.74,28,21,7,13,20,-7
7,3,4,0,111.9,88.1,32,30,2,21.9,10,40,41,-1,49.38,90,78.13,15,22,-7,20,9,11
3,2,1,0,97.8,102.2,31,23,8,6.5,8.7,37,20,17,64.91,91.3,93.55,25,19,6,14,16,-2
2,3,-1,1,99.3,100.7,30,27,3,6.7,7.4,31,22,9,58.49,92.59,93.33,22,47,-25,18,21,-3
1,2,-1,1,96,104,29,27,2,3.4,7.4,34,20,14,62.96,92.59,96.55,25,30,-5,9,22,-13
4,0,4,1,115.4,84.6,26,22,4,15.4,0,30,30,0,50,100,84.62,15,17,-2,14,8,6
5,2,3,1,109.2,93.9,28,23,5,17.9,8.7,34,28,6,54.84,91.3,85.19,18,26,-8,19,21,-2
5,4,1,0,97,103,37,29,8,10.8,13.8,29,36,-7,44.62,86.21,89.19,17,27,-10,17,18,-1
5,1,4,0,108.9,91.1,33,16,17,15.2,6.3,28,22,6,56,93.75,84.85,17,35,-18,20,19,1
1,2,-1,0,94.9,105.1,39,26,13,2.6,7.7,25,35,-10,41.67,92.31,97.44,20,21,-1,12,19,-7
4,3,1,1,97.8,102.2,35,22,13,11.4,13.6,31,24,7,56.36,86.36,88.57,28,26,2,13,17,-4
4,2,2,0,106,97.2,28,24,4,14.3,8.3,31,25,6,55.36,91.67,88.89,19,32,-13,17,16,1
1,2,-1,0,99.2,100.8,28,23,5,3.6,4.3,30,26,4,53.57,95.65,96.43,11,16,-5,16,22,-6
3,0,3,1,114.3,90,21,20,1,14.3,0,29,24,5,54.72,100,90,26,18,8,9,15,-6
7,4,3,1,101.5,103.4,34,21,13,20.6,19,20,36,-16,35.71,80.95,84.38,23,23,0,10,14,-4
7,3,4,1,113.1,86.9,32,34,-2,21.9,8.8,37,31,6,54.41,91.18,78.13,11,20,-9,9,13,-4
4,1,3,1,113,94.3,25,33,-8,16,3,23,30,-7,43.4,96.97,91.3,12,8,4,15,10,5
5,2,3,1,106.7,96.2,30,20,10,16.7,10,31,22,9,58.49,90,86.21,15,14,1,19,23,-4
5,1,4,1,109.2,90.8,37,23,14,13.5,4.3,36,34,2,51.43,95.65,86.49,16,22,-6,15,12,3
1,3,-2,0,91.4,108.6,29,25,4,3.4,12,22,25,-3,46.81,88,96.55,18,20,-2,11,15,-4
1,2,-1,0,91.4,108.6,32,17,15,3.1,11.8,23,26,-3,46.94,88.24,96.88,24,15,9,10,21,-11
5,4,1,0,101.3,98.7,31,27,4,16.1,14.8,31,28,3,52.54,85.19,83.87,15,9,6,19,12,7
4,2,2,0,104.9,95.1,34,29,5,11.8,6.9,33,33,0,50,93.1,88.24,13,22,-9,11,18,-7
0,3,-3,0,93.3,109.7,25,31,-6,0,9.7,31,27,4,53.45,93.33,100,23,25,-2,14,12,2
2,0,2,1,106.3,93.8,32,24,8,6.3,0,34,20,14,62.96,100,93.75,15,22,-7,12,18,-6
5,0,5,1,113.9,86.1,36,19,17,13.9,0,21,29,-8,42,100,86.11,15,37,-22,11,13,-2
2,5,-3,0,91.4,111.6,32,28,4,6.3,17.9,28,24,4,53.85,85.19,93.75,24,33,-9,14,27,-13
5,4,1,0,111.9,88.1,22,37,-15,22.7,10.8,22,29,-7,43.14,89.19,77.27,16,16,0,17,20,-3
1,3,-2,0,89.3,116.4,28,15,13,3.6,20,25,28,-3,47.17,85.71,96.43,22,25,-3,11,22,-11
2,3,-1,1,95.4,104.6,27,25,2,7.4,12,25,26,-1,49.02,88,92.59,29,15,14,11,20,-9
1,3,-2,1,92.2,107.8,27,26,1,3.7,11.5,30,31,-1,49.18,88.46,96.3,16,7,9,9,17,-8
6,3,3,1,106.3,93.7,36,29,7,16.7,10.3,24,43,-19,35.82,89.66,83.33,17,11,6,17,23,-6
3,4,-1,1,97.7,102.3,25,28,-3,12,14.3,24,21,3,53.33,85.71,88,14,11,3,19,11,8
3,2,1,1,104.6,95.4,26,29,-3,11.5,6.9,20,34,-14,37.04,93.1,88.46,17,12,5,10,22,-12
0,3,-3,0,92.9,110.3,22,29,-7,0,10.3,18,28,-10,39.13,92.86,100,21,23,-2,9,18,-9
6,1,5,0,118.2,81.8,27,25,2,22.2,4,24,33,-9,42.11,96,77.78,18,18,0,14,13,1
1,3,-2,0,87.8,112.2,36,20,16,2.8,15,23,31,-8,42.59,85,97.22,11,9,2,14,9,5
3,1,2,1,105.1,97.6,34,27,7,8.8,3.7,28,27,1,50.91,96.3,93.94,19,24,-5,13,13,0
1,2,-1,1,100,100,23,23,0,4.3,4.3,22,26,-4,45.83,95.65,95.65,17,29,-12,17,20,-3
6,5,1,1,96.9,103.1,29,21,8,20.7,23.8,30,37,-7,44.78,76.19,79.31,31,27,4,9,9,0
5,2,3,1,104.1,100.8,38,22,16,13.2,9.1,20,19,1,51.28,90.91,91.67,26,30,-4,15,20,-5
4,1,3,0,108,97.1,37,35,2,10.8,2.9,33,35,-2,48.53,97.14,94.29,19,10,9,12,19,-7
5,2,3,1,107.3,99.4,28,19,9,17.9,10.5,27,26,1,50.94,89.47,88.89,14,31,-17,15,18,-3
4,2,2,0,111.1,92.6,23,32,-9,17.4,6.3,25,28,-3,47.17,93.75,86.36,17,27,-10,22,12,10
4,2,2,0,107,93,31,34,-3,12.9,5.9,34,32,2,51.52,94.12,87.1,10,11,-1,13,16,-3
1,3,-2,0,94.9,108.8,31,25,6,3.2,12,26,27,-1,49.06,91.67,96.77,19,30,-11,8,18,-10
5,2,3,1,110,95.5,33,39,-6,15.2,5.1,26,37,-11,41.27,94.87,90.32,23,16,7,16,12,4
1,4,-3,1,90.5,113.2,24,23,1,4.2,17.4,30,23,7,56.6,86.36,95.83,23,10,13,11,23,-12
6,2,4,0,114.8,88.2,27,27,0,22.2,7.4,26,42,-16,38.24,92.59,80.77,16,10,6,15,16,-1
4,0,4,0,116.7,87,24,25,-1,16.7,0,30,24,6,55.56,100,86.96,12,19,-7,19,12,7
2,1,1,0,104.7,95.3,25,30,-5,8,3.3,22,37,-15,37.29,96.67,92,16,16,0,19,17,2
3,5,-2,0,104,98.5,19,35,-16,15.8,14.3,21,38,-17,35.59,88.24,84.21,22,13,9,15,11,4
5,4,1,0,98.9,101.1,41,30,11,12.2,13.3,29,28,1,50.88,86.67,87.8,24,19,5,13,11,2
1,4,-3,1,93.9,108.9,28,32,-4,3.6,12.5,16,37,-21,30.19,90.32,96.43,16,9,7,9,15,-6
3,5,-2,0,92,111.5,32,24,8,9.4,20.8,31,42,-11,42.47,82.61,90.63,20,20,0,19,14,5
2,1,1,1,97.7,102.3,34,19,15,2.9,5.3,26,24,2,52,94.74,97.06,10,10,0,11,28,-17
2,8,-6,0,83.8,116.2,25,33,-8,8,24.2,22,37,-15,37.29,75.76,92,22,11,11,13,17,-4
7,4,3,0,115.1,87.9,25,31,-6,28,12.9,26,40,-14,39.39,87.1,75,9,31,-22,18,14,4
2,1,1,0,104,96,27,29,-2,7.4,3.4,20,38,-18,34.48,96.55,92.59,8,13,-5,19,17,2
3,2,1,0,102.7,97.3,29,26,3,10.3,7.7,25,35,-10,41.67,92.31,89.66,14,21,-7,12,26,-14
2,5,-3,1,89.5,114.5,19,20,-1,10.5,25,32,33,-1,49.23,78.95,89.47,15,18,-3,14,18,-4
4,2,2,1,102.1,101.3,26,15,11,15.4,13.3,19,39,-20,32.76,86.67,88,20,24,-4,15,18,-3
3,2,1,1,102.7,97.3,32,30,2,9.4,6.7,25,31,-6,44.64,93.33,90.63,18,23,-5,21,21,0
6,4,2,1,107.8,95,29,31,-2,20.7,12.9,27,40,-13,40.3,87.1,82.14,7,16,-9,10,13,-3
0,1,-1,0,96.4,103.6,35,28,7,0,3.6,26,33,-7,44.07,96.43,100,18,10,8,15,15,0
6,3,3,1,103.8,98.9,32,20,12,18.8,15,22,26,-4,45.83,85,83.87,20,22,-2,22,21,1
2,5,-3,0,94,112.8,31,26,5,6.5,19.2,31,32,-1,49.21,87.5,93.55,26,23,3,15,25,-10
2,5,-3,1,85.7,118.1,35,21,14,5.7,23.8,19,28,-9,40.43,80,94.29,24,12,12,11,17,-6
2,5,-3,1,95.2,111.5,26,26,0,7.7,19.2,32,24,8,57.14,87.5,92.31,19,15,4,13,17,-4
5,4,1,1,102.3,100.4,32,30,2,15.6,13.3,24,30,-6,44.44,86.67,87.1,20,38,-18,8,23,-15
5,1,4,0,115.4,84.6,26,26,0,19.2,3.8,16,41,-25,28.07,96.15,80.77,27,15,12,19,10,9
3,2,1,0,103.3,96.7,28,27,1,10.7,7.4,21,35,-14,37.5,92.59,89.29,17,18,-1,23,17,6
4,1,3,0,114.3,89.6,22,26,-4,18.2,3.8,32,31,1,50.79,96.15,85.71,19,26,-7,18,13,5
4,3,1,1,92.4,107.6,49,19,30,8.2,15.8,36,23,13,61.02,84.21,91.84,16,21,-5,19,27,-8
3,5,-2,1,96,107.2,25,26,-1,12,19.2,24,38,-14,38.71,84,88,35,35,0,15,14,1
2,6,-4,1,92,110.3,34,37,-3,5.9,16.2,32,42,-10,43.24,86.11,94.12,24,14,10,14,21,-7
4,6,-2,1,90.6,112.8,30,23,7,13.3,26.1,36,28,8,56.25,77.27,86.67,27,9,18,13,19,-6
4,8,-4,0,77.5,125.6,32,21,11,12.5,38.1,21,29,-8,42,65,87.5,19,15,4,9,18,-9
6,1,5,1,120.4,79.6,26,37,-11,23.1,2.7,21,28,-7,42.86,97.3,76.92,9,8,1,15,18,-3
3,0,3,0,108.8,91.2,34,29,5,8.8,0,33,30,3,52.38,100,91.18,15,33,-18,9,20,-11
4,1,3,0,114.2,85.8,23,31,-8,17.4,3.2,30,47,-17,38.96,96.77,82.61,16,32,-16,12,16,-4
7,0,7,1,126.9,73.1,26,22,4,26.9,0,26,32,-6,44.83,100,73.08,22,21,1,17,21,-4
3,2,1,1,105.1,94.9,30,41,-11,10,4.9,29,29,0,50,95.12,90,25,15,10,17,13,4
5,2,3,1,108.6,91.4,35,35,0,14.3,5.7,32,22,10,59.26,94.29,85.71,23,27,-4,20,23,-3
0,4,-4,0,89.7,113.3,29,30,-1,0,13.3,23,30,-7,43.4,89.66,100,27,24,3,12,16,-4
0,5,-5,0,81.5,118.5,27,27,0,0,18.5,19,26,-7,42.22,81.48,100,18,24,-6,15,14,1
3,7,-4,1,88.1,111.9,30,32,-2,10,21.9,41,40,1,50.62,78.13,90,22,15,7,9,20,-11
8,4,4,1,107.3,92.7,37,28,9,21.6,14.3,34,26,8,56.67,85.71,78.38,22,10,12,12,14,-2
2,3,-1,0,95.6,104.4,30,27,3,6.7,11.1,25,40,-15,38.46,88.89,93.33,22,23,-1,16,18,-2
7,6,1,1,99.6,100.4,38,37,1,15.8,16.2,48,23,25,67.61,83.78,84.21,22,23,-1,12,14,-2
4,3,1,0,100.9,99.1,30,33,-3,10,9.1,33,27,6,55,90.91,90,34,19,15,17,18,-1
3,6,-3,0,91.2,111.3,47,34,13,6.4,17.6,28,30,-2,48.28,84.85,93.62,16,27,-11,7,24,-17
0,1,-1,1,96.6,103.4,25,29,-4,0,3.4,24,30,-6,44.44,96.55,100,27,28,-1,18,14,4
1,2,-1,1,92.2,107.8,46,20,26,2.2,10,34,29,5,53.97,90,97.83,25,15,10,14,22,-8
0,4,-4,1,85,119,21,21,0,0,19,17,24,-7,41.46,85,100,24,21,3,13,17,-4
0,4,-4,1,89.3,113.8,27,29,-2,0,13.8,25,17,8,59.52,89.29,100,31,11,20,7,21,-14
3,5,-2,0,97.1,103.5,20,27,-7,15,18.5,27,23,4,54,82.14,85,27,16,11,14,13,1
7,3,4,0,116.4,83.6,28,35,-7,25,8.6,18,35,-17,33.96,91.43,75,7,16,-9,18,10,8
0,3,-3,0,94.3,108.6,16,35,-19,0,8.6,36,25,11,59.02,94.29,100,24,29,-5,15,8,7
2,6,-4,0,93.2,108.9,33,40,-7,6.1,15,31,35,-4,46.97,87.18,93.94,19,10,9,18,22,-4
5,3,2,1,117.3,86.5,21,46,-25,23.8,6.5,29,28,1,50.88,93.48,80,25,31,-6,22,14,8
5,2,3,0,110.2,92.7,30,31,-1,16.7,6.5,29,31,-2,48.33,93.55,86.21,16,14,2,10,9,1
6,4,2,1,102.5,100.3,29,22,7,20.7,18.2,25,28,-3,47.17,81.82,82.14,21,10,11,24,13,11
5,1,4,1,120.2,79.8,21,28,-7,23.8,3.6,28,16,12,63.64,96.43,76.19,39,14,25,13,8,5
3,4,-1,1,102,98,25,40,-15,12,10,20,30,-10,40,90,88,18,24,-6,16,17,-1
2,3,-1,1,100,100,22,33,-11,9.1,9.1,30,27,3,52.63,90.91,90.91,19,20,-1,16,14,2
2,3,-1,0,92.6,107.4,29,21,8,6.9,14.3,25,27,-2,48.08,85.71,93.1,18,24,-6,18,18,0
3,5,-2,0,97.2,102.8,30,39,-9,10,12.8,27,37,-10,42.19,87.18,90,31,22,9,17,15,2
3,2,1,0,107.2,92.8,23,34,-11,13,5.9,23,37,-14,38.33,94.12,86.96,19,23,-4,20,17,3
2,1,1,0,104.5,95.5,24,26,-2,8.3,3.8,19,27,-8,41.3,96.15,91.67,18,10,8,13,11,2
3,2,1,1,106.4,93.6,24,33,-9,12.5,6.1,22,30,-8,42.31,93.94,87.5,25,21,4,23,13,10
4,7,-3,0,103.9,98.1,22,43,-21,18.2,16.3,26,36,-10,41.94,85.71,81.82,22,16,6,21,6,15
5,1,4,0,122.9,81.2,19,29,-10,26.3,3.4,20,32,-12,38.46,96.55,77.78,11,18,-7,25,11,14
1,3,-2,0,91.8,108.2,26,25,1,3.8,12,16,34,-18,32,88,96.15,27,40,-13,25,14,11
0,1,-1,0,100,100,27,26,1,0,0,17,26,-9,39.53,100,100,9,18,-9,16,12,4
4,1,3,1,106.5,96.2,34,19,15,11.8,5.3,22,33,-11,40,94.74,90.91,13,12,1,24,17,7
3,2,1,1,99.1,100.9,28,25,3,7.1,8,24,28,-4,46.15,92,92.86,13,24,-11,13,14,-1
2,1,1,0,103.5,96.5,30,32,-2,6.7,3.1,24,27,-3,47.06,96.88,93.33,14,22,-8,23,10,13
6,2,4,1,118.5,84.7,24,31,-7,25,6.5,23,28,-5,45.1,93.55,78.26,7,16,-9,23,14,9
4,3,1,0,97.3,102.7,29,23,6,10.3,13,29,28,1,50.88,86.96,89.66,10,16,-6,23,11,12
6,4,2,1,103.3,99,39,33,6,15.4,12.1,25,31,-6,44.64,87.88,86.84,14,21,-7,24,18,6
4,5,-1,1,96.8,103.2,25,26,-1,16,19.2,26,25,1,50.98,80.77,84,18,16,2,18,15,3
4,3,1,1,102.1,97.9,28,35,-7,10.7,8.6,43,30,13,58.9,91.43,89.29,14,21,-7,20,12,8
0,4,-4,0,85.7,114.3,18,28,-10,0,14.3,22,23,-1,48.89,85.71,100,22,30,-8,4,16,-12
6,2,4,1,110.5,89.5,33,26,7,18.2,7.7,24,30,-6,44.44,92.31,81.82,15,18,-3,17,17,0
5,4,1,1,102.7,97.3,32,31,1,15.6,12.9,31,35,-4,46.97,87.1,84.38,18,15,3,15,15,0
4,5,-1,0,99.3,100.7,25,30,-5,16,16.7,32,29,3,52.46,83.33,84,19,14,5,24,11,13
4,2,2,1,115.2,89,20,42,-22,20,4.8,30,29,1,50.85,95.24,84.21,15,19,-4,24,8,16
3,5,-2,0,96.9,105.8,32,33,-1,9.4,15.2,29,35,-6,45.31,87.5,90.63,24,16,8,5,22,-17
1,4,-3,0,89.3,110.7,28,28,0,3.6,14.3,23,36,-13,38.98,85.71,96.43,23,17,6,16,11,5
3,4,-1,1,92.3,107.7,42,27,15,7.1,14.8,31,31,0,50,85.19,92.86,23,21,2,16,23,-7
1,2,-1,1,97.6,102.4,33,37,-4,3,5.4,24,38,-14,38.71,94.59,96.97,19,12,7,15,14,1
3,5,-2,1,96.7,103.3,18,25,-7,16.7,20,29,16,13,64.44,80,83.33,26,18,8,17,16,1
4,1,3,0,110.3,92.9,28,25,3,14.3,4,15,31,-16,32.61,96,88.89,28,13,15,24,16,8
2,5,-3,0,81.3,123.2,32,17,15,6.3,29.4,26,38,-12,40.63,75,93.75,18,28,-10,11,18,-7
3,6,-3,0,97,103,22,36,-14,13.6,16.7,20,34,-14,37.04,83.33,86.36,15,12,3,17,16,1
0,3,-3,0,90.5,113.6,16,22,-6,0,13.6,21,31,-10,40.38,90.48,100,19,21,-2,19,14,5
6,3,3,0,107,95.4,36,31,5,16.7,9.7,36,29,7,55.38,90.32,85.71,30,21,9,11,8,3
5,2,3,1,107.8,94.8,34,29,5,14.7,6.9,33,33,0,50,93.1,87.88,24,28,-4,20,10,10
3,4,-1,1,95.1,104.9,24,23,1,12.5,17.4,29,32,-3,47.54,82.61,87.5,25,24,1,16,14,2
5,4,1,1,101.4,98.6,32,36,-4,12.5,11.1,27,42,-15,39.13,88.89,87.5,16,21,-5,19,10,9
7,6,1,1,96.3,103.7,43,30,13,16.3,20,27,36,-9,42.86,80,83.72,28,21,7,20,32,-12
5,1,4,0,114.4,85.6,28,29,-1,17.9,3.4,30,29,1,50.85,96.55,82.14,22,13,9,21,10,11
1,5,-4,0,87.2,112.8,26,30,-4,3.8,16.7,27,27,0,50,83.33,96.15,18,21,-3,12,17,-5
6,2,4,1,106.7,95.5,39,23,16,15.4,8.7,31,28,3,52.54,91.3,86.84,26,18,8,25,20,5
2,5,-3,0,92.5,110.2,40,33,7,5,15.2,30,25,5,54.55,87.5,95,25,14,11,13,16,-3
2,4,-2,0,94.7,108.3,40,30,10,5,13.3,34,26,8,56.67,89.66,95,18,20,-2,16,21,-5
2,5,-3,0,89.5,114,26,23,3,7.7,21.7,25,33,-8,43.1,81.82,92.31,16,8,8,12,22,-10
1,2,-1,0,94.6,105.4,50,27,23,2,7.4,29,27,2,51.79,92.59,98,17,23,-6,11,16,-5
2,7,-5,0,73.7,126.3,36,22,14,5.6,31.8,38,25,13,60.32,68.18,94.44,17,14,3,10,30,-20
2,6,-4,1,95.5,104.5,22,44,-22,9.1,13.6,30,28,2,51.72,86.36,90.91,20,17,3,13,11,2
2,0,2,1,107.7,96,26,26,0,7.7,0,18,27,-9,40,100,96,18,23,-5,20,12,8
6,1,5,1,120.9,79.1,25,32,-7,24,3.1,21,34,-13,38.18,96.88,76,20,10,10,13,9,4
3,4,-1,0,98.6,101.4,28,33,-5,10.7,12.1,28,29,-1,49.12,87.88,89.29,25,39,-14,15,14,1
6,2,4,1,108.6,91.4,38,28,10,15.8,7.1,38,32,6,54.29,92.86,84.21,19,22,-3,14,15,-1
1,3,-2,1,95.3,104.7,24,34,-10,4.2,8.8,26,21,5,55.32,91.18,95.83,27,13,14,11,20,-9
6,4,2,1,107.3,92.7,25,24,1,24,16.7,27,28,-1,49.09,83.33,76,16,18,-2,17,8,9
3,4,-1,1,89.7,110.3,38,22,16,7.9,18.2,35,26,9,57.38,81.82,92.11,17,25,-8,13,13,0
6,4,2,0,112.8,90.6,23,30,-7,26.1,13.3,28,36,-8,43.75,86.67,77.27,9,27,-18,19,13,6
2,3,-1,0,94.5,105.5,33,26,7,6.1,11.5,27,32,-5,45.76,88.46,93.94,20,14,6,8,18,-10
1,5,-4,0,88.6,111.4,30,34,-4,3.3,14.7,29,25,4,53.7,85.29,96.67,11,12,-1,11,16,-5
4,6,-2,0,100.4,101.9,28,37,-9,14.3,16.2,39,25,14,60.94,86.11,85.71,17,20,-3,11,12,-1
3,5,-2,1,97.8,102.2,24,34,-10,12.5,14.7,32,32,0,50,85.29,87.5,11,13,-2,8,7,1
0,4,-4,1,88.6,111.4,25,35,-10,0,11.4,23,31,-8,42.59,88.57,100,27,44,-17,10,15,-5
5,6,-1,1,99.1,103.9,28,32,-4,17.9,18.8,31,22,9,58.49,81.25,85.19,14,29,-15,20,9,11
2,3,-1,0,100.7,99.3,25,41,-16,8,7.3,36,20,16,64.29,92.68,92,17,27,-10,10,14,-4
3,5,-2,1,102.2,100,24,40,-16,12.5,12.5,26,38,-12,40.63,89.74,87.5,8,17,-9,20,11,9
5,1,4,1,115.1,84.9,27,29,-2,18.5,3.4,31,20,11,60.78,96.55,81.48,19,34,-15,8,17,-9
3,1,2,0,106.9,96.1,31,36,-5,9.7,2.8,30,26,4,53.57,97.22,93.33,11,29,-18,12,13,-1
5,1,4,0,121,82.8,21,36,-15,23.8,2.8,35,32,3,52.24,97.22,80,10,18,-8,12,20,-8
5,2,3,0,122.1,81.9,19,48,-29,26.3,4.2,34,25,9,57.63,95.83,77.78,20,26,-6,32,18,14
4,3,1,0,109.8,90.2,24,44,-20,16.7,6.8,30,32,-2,48.39,93.18,83.33,9,22,-13,20,12,8
3,0,3,1,110.3,92.9,29,32,-3,10.3,0,33,35,-2,48.53,100,92.86,15,26,-11,10,22,-12
3,2,1,1,107.5,92.5,19,24,-5,15.8,8.3,27,26,1,50.94,91.67,84.21,16,19,-3,16,20,-4
2,3,-1,1,103.1,96.9,24,38,-14,8.3,5.3,32,32,0,50,94.74,91.67,29,16,13,12,12,0
4,3,1,1,100.9,99.1,31,25,6,12.9,12,35,25,10,58.33,88,87.1,16,26,-10,15,17,-2
3,4,-1,0,102.2,97.8,22,35,-13,13.6,11.4,24,31,-7,43.64,88.57,86.36,26,28,-2,17,13,4
1,4,-3,0,85.8,114.2,25,22,3,4,18.2,29,27,2,51.79,81.82,96,17,35,-18,10,17,-7
4,1,3,0,116.7,87.7,19,23,-4,21.1,4.3,22,30,-8,42.31,95.65,83.33,12,36,-24,15,12,3
4,5,-1,0,97.5,102.5,25,27,-2,16,18.5,28,25,3,52.83,81.48,84,12,22,-10,18,19,-1
3,2,1,1,104,96,27,28,-1,11.1,7.1,32,28,4,53.33,92.86,88.89,15,21,-6,14,27,-13
4,3,1,1,108.3,91.7,21,28,-7,19,10.7,35,27,8,56.45,89.29,80.95,12,37,-25,7,12,-5
6,3,3,1,121.4,78.6,21,42,-21,28.6,7.1,39,30,9,56.52,92.86,71.43,11,21,-10,14,8,6
6,2,4,1,112.9,87.1,31,31,0,19.4,6.5,24,34,-10,41.38,93.55,80.65,15,28,-13,16,15,1
4,6,-2,0,100.3,102.5,22,29,-7,18.2,20.7,28,25,3,52.83,82.14,81.82,10,21,-11,13,24,-11
4,3,1,0,105.7,94.3,29,37,-8,13.8,8.1,33,32,1,50.77,91.89,86.21,10,28,-18,12,16,-4
4,2,2,0,109.3,94.1,26,33,-7,15.4,6.1,29,33,-4,46.77,93.94,88,13,30,-17,21,13,8
8,3,5,0,112.4,87.6,34,27,7,23.5,11.1,33,27,6,55,88.89,76.47,10,27,-17,19,14,5
4,5,-1,0,102.5,97.5,30,37,-7,13.3,10.8,33,26,7,55.93,89.19,86.67,19,13,6,22,20,2
1,2,-1,0,96.6,103.4,27,28,-1,3.7,7.1,34,27,7,55.74,92.86,96.3,28,41,-13,12,16,-4
5,3,2,1,102.8,97.2,39,30,9,12.8,10,37,27,10,57.81,90,87.18,22,31,-9,15,17,-2
5,3,2,1,120.9,88.9,16,29,-13,31.3,10.3,30,23,7,56.6,89.66,78.57,24,30,-6,17,13,4
4,3,1,0,103.6,96.4,28,28,0,14.3,10.7,31,34,-3,47.69,89.29,85.71,15,27,-12,23,15,8
2,0,2,0,110.5,89.5,19,33,-14,10.5,0,26,32,-6,44.83,100,89.47,21,38,-17,19,14,5
4,3,1,1,100.5,99.5,27,21,6,14.8,14.3,27,29,-2,48.21,85.71,85.19,21,18,3,17,24,-7
1,2,-1,1,93.8,106.2,23,19,4,4.3,10.5,26,24,2,52,89.47,95.65,23,31,-8,17,13,4
4,1,3,1,113.1,86.9,25,34,-9,16,2.9,38,26,12,59.38,97.06,84,19,28,-9,15,7,8
3,6,-3,0,93.7,106.3,29,36,-7,10.3,16.7,43,24,19,64.18,83.33,89.66,11,17,-6,23,17,6
1,3,-2,1,94.3,109.5,33,24,9,3,12.5,27,29,-2,48.21,91.3,96.97,25,33,-8,9,23,-14
4,1,3,0,113.8,86.2,23,28,-5,17.4,3.6,25,24,1,51.02,96.43,82.61,13,35,-22,8,8,0
2,3,-1,0,96.6,103.4,26,27,-1,7.7,11.1,28,39,-11,41.79,88.89,92.31,9,24,-15,13,10,3
2,1,1,0,99.6,100.4,36,31,5,2.8,3.2,37,29,8,56.06,96.77,97.22,8,30,-22,21,20,1
4,1,3,0,113.8,89.9,23,28,-5,17.4,3.6,26,31,-5,45.61,96.43,86.36,5,21,-16,15,20,-5
5,4,1,0,97.4,102.6,39,26,13,12.8,15.4,28,27,1,50.91,84.62,87.18,12,25,-13,15,19,-4
3,2,1,1,104.6,95.4,29,35,-6,10.3,5.7,24,30,-6,44.44,94.29,89.66,16,21,-5,9,19,-10
4,2,2,1,100.6,99.4,25,13,12,16,15.4,42,28,14,60,84.62,84,11,29,-18,18,19,-1
4,2,2,1,103.4,99.3,33,23,10,12.1,8.7,36,13,23,73.47,91.3,90.63,10,23,-13,11,17,-6
5,1,4,0,110.3,89.7,35,25,10,14.3,4,31,22,9,58.49,96,85.71,7,19,-12,8,12,-4
2,3,-1,1,90.2,109.8,29,18,11,6.9,16.7,26,28,-2,48.15,83.33,93.1,18,28,-10,15,19,-4
3,2,1,0,102.7,97.3,29,26,3,10.3,7.7,31,25,6,55.36,92.31,89.66,20,19,1,20,21,-1
1,3,-2,1,95.5,107.6,42,30,12,2.4,10,23,31,-8,42.59,93.1,97.62,13,28,-15,8,14,-6
3,5,-2,1,85.5,118.6,39,19,20,7.7,26.3,30,34,-4,46.88,77.78,92.31,9,25,-16,8,16,-8
3,1,2,1,108.7,91.3,24,26,-2,12.5,3.8,34,31,3,52.31,96.15,87.5,15,22,-7,15,14,1
2,1,1,1,99.2,100.8,37,16,21,5.4,6.3,43,26,17,62.32,93.75,94.59,12,30,-18,12,17,-5
1,4,-3,1,90.8,112.6,36,26,10,2.8,15.4,35,22,13,61.4,88,97.22,18,20,-2,9,18,-9
6,2,4,1,115,85,28,31,-3,21.4,6.5,42,38,4,52.5,93.55,78.57,11,32,-21,17,14,3
2,3,-1,0,94.3,105.7,40,28,12,5,10.7,32,32,0,50,89.29,95,15,19,-4,14,18,-4
2,3,-1,0,89.5,110.5,28,17,11,7.1,17.6,28,22,6,56,82.35,92.86,8,32,-24,13,21,-8
2,1,1,0,106.8,93.2,21,37,-16,9.5,2.7,24,32,-8,42.86,97.3,90.48,11,19,-8,21,23,-2
3,1,2,1,106,97,31,27,4,9.7,3.7,26,33,-7,44.07,96.3,93.33,18,31,-13,13,16,-3
5,3,2,1,111.5,92,24,32,-8,20.8,9.4,42,31,11,57.53,90.63,82.61,20,20,0,14,19,-5
2,6,-4,0,84.3,115.7,27,26,1,7.4,23.1,33,19,14,63.46,76.92,92.59,14,14,0,10,28,-18
4,6,-2,0,105.9,96.6,19,34,-15,21.1,17.6,29,43,-14,40.28,84.85,78.95,12,32,-20,10,6,4
4,2,2,0,107.4,92.6,28,29,-1,14.3,6.9,29,37,-8,43.94,93.1,85.71,10,31,-21,16,9,7
5,2,3,1,107.4,98.4,31,23,8,16.1,8.7,35,29,6,54.69,91.3,89.66,20,28,-8,15,18,-3
2,4,-2,1,90.7,109.3,36,27,9,5.6,14.8,45,23,22,66.18,85.19,94.44,13,29,-16,12,21,-9
2,1,1,0,100.7,99.3,40,23,17,5,4.3,32,24,8,57.14,95.65,95,14,29,-15,17,14,3
7,2,5,1,110.4,89.6,38,25,13,18.4,8,27,36,-9,42.86,92,81.58,6,25,-19,9,9,0
7,1,6,0,112.7,87.3,40,21,19,17.5,4.8,26,25,1,50.98,95.24,82.5,12,16,-4,8,16,-8
1,4,-3,0,87,113,33,25,8,3,16,28,24,4,53.85,84,96.97,18,18,0,9,17,-8
3,1,2,1,103.7,98.7,40,26,14,7.5,3.8,40,16,24,71.43,96.15,94.87,15,39,-24,11,22,-11
2,4,-2,0,95.5,108,25,25,0,8,16,29,25,4,53.7,87.5,92,26,22,4,6,16,-10
4,6,-2,1,89.7,110.3,36,28,8,11.1,21.4,31,35,-4,46.97,78.57,88.89,21,17,4,18,12,6
4,2,2,1,105,98,30,24,6,13.3,8.3,25,27,-2,48.08,91.67,89.66,9,29,-20,13,22,-9
5,2,3,0,108.2,94.5,32,27,5,15.6,7.4,25,28,-3,47.17,92.59,87.1,18,29,-11,9,14,-5
2,4,-2,0,94.2,109.3,30,25,5,6.7,16,30,19,11,61.22,87.5,93.33,20,17,3,16,27,-11
4,1,3,1,113.4,90.2,24,31,-7,16.7,3.2,23,39,-16,37.1,96.77,86.96,23,10,13,22,12,10
2,3,-1,0,96.8,103.2,24,26,-2,8.3,11.5,31,28,3,52.54,88.46,91.67,10,26,-16,12,26,-14
3,2,1,1,97.9,102.1,38,27,11,5.3,7.4,30,27,3,52.63,92.59,94.74,19,36,-17,10,18,-8
2,0,2,1,108.7,91.3,23,25,-2,8.7,0,27,25,2,51.92,100,91.3,13,25,-12,14,16,-2
3,0,3,1,111.1,92.3,27,34,-7,11.1,0,28,29,-1,49.12,100,92.31,21,17,4,14,13,1
4,3,1,0,111.7,88.3,20,36,-16,20,8.3,20,38,-18,34.48,91.67,80,10,14,-4,13,16,-3
3,4,-1,0,88.8,111.2,34,20,14,8.8,20,16,29,-13,35.56,80,91.18,13,17,-4,16,11,5
5,2,3,0,111.9,91.3,27,30,-3,18.5,6.7,23,26,-3,46.94,93.33,84.62,17,18,-1,16,12,4
6,4,2,1,101.9,100.4,37,28,9,16.2,14.3,25,39,-14,39.06,85.71,86.11,20,17,3,12,11,1
4,3,1,0,101.1,98.9,26,21,5,15.4,14.3,34,25,9,57.63,85.71,84.62,21,18,3,18,15,3
1,4,-3,0,91.4,108.6,23,31,-8,4.3,12.9,29,28,1,50.88,87.1,95.65,16,33,-17,18,14,4
1,4,-3,0,92.3,116.3,36,21,15,2.8,19,28,30,-2,48.28,89.47,97.22,24,26,-2,18,12,6
2,1,1,1,105.3,94.7,24,33,-9,8.3,3,21,29,-8,42,96.97,91.67,19,42,-23,10,13,-3
5,3,2,1,114.7,89.1,21,33,-12,23.8,9.1,24,37,-13,39.34,90.91,80,17,7,10,25,6,19
1,2,-1,0,99.4,100.6,21,37,-16,4.8,5.4,24,29,-5,45.28,94.59,95.24,32,39,-7,15,14,1
2,1,1,1,104.3,95.7,22,21,1,9.1,4.8,26,25,1,50.98,95.24,90.91,38,39,-1,7,9,-2
3,4,-1,1,96.3,103.7,34,32,2,8.8,12.5,27,31,-4,46.55,87.5,91.18,23,27,-4,11,13,-2
2,5,-3,0,93.9,109.2,23,28,-5,8.7,17.9,28,34,-6,45.16,85.19,91.3,26,18,8,21,19,2
5,1,4,0,130.5,74.5,14,19,-5,35.7,5.3,21,35,-14,37.5,94.74,69.23,32,26,6,25,15,10
3,6,-3,0,95.4,107,31,36,-5,9.7,16.7,29,30,-1,49.15,85.71,90.32,19,20,-1,15,18,-3
1,4,-3,0,88.8,111.2,24,26,-2,4.2,15.4,23,17,6,57.5,84.62,95.83,21,20,1,18,11,7
3,0,3,1,111.1,88.9,27,18,9,11.1,0,23,27,-4,46,100,88.89,15,21,-6,16,10,6
2,4,-2,0,98,104.8,26,32,-6,7.7,12.5,20,39,-19,33.9,90.32,92.31,22,5,17,27,15,12
7,3,4,1,112.6,87.4,29,26,3,24.1,11.5,26,36,-10,41.94,88.46,75.86,17,16,1,20,10,10
1,2,-1,0,93.3,106.7,49,23,26,2,8.7,22,37,-15,37.29,91.3,97.96,31,43,-12,21,12,9
2,5,-3,0,92.7,107.3,19,28,-9,10.5,17.9,26,29,-3,47.27,82.14,89.47,12,16,-4,14,13,1
2,4,-2,1,83.9,116.1,40,19,21,5,21.1,19,30,-11,38.78,78.95,95,13,19,-6,15,13,2
1,2,-1,1,97.3,102.7,25,30,-5,4,6.7,19,29,-10,39.58,93.33,96,33,23,10,20,11,9
3,5,-2,0,86.5,117.3,46,21,25,6.5,23.8,28,29,-1,49.12,80,93.48,31,25,6,14,22,-8
2,5,-3,1,92.7,110.2,31,30,1,6.5,16.7,31,29,2,51.67,86.21,93.55,14,16,-2,9,10,-1
3,2,1,0,110.4,89.6,16,24,-8,18.8,8.3,23,18,5,56.1,91.67,81.25,25,21,4,16,13,3
5,4,1,1,99.6,100.4,36,28,8,13.9,14.3,35,30,5,53.85,85.71,86.11,28,37,-9,12,12,0
3,4,-1,1,99.7,100.3,30,39,-9,10,10.3,30,20,10,60,89.74,90,22,21,1,18,13,5
3,6,-3,1,78.7,125.2,37,18,19,8.1,33.3,26,33,-7,44.07,70.59,91.89,32,28,4,10,19,-9
5,4,1,0,95.2,104.8,40,27,13,10,14.8,34,24,10,58.62,85.19,90,15,27,-12,15,14,1
3,2,1,0,109.3,90.7,18,27,-9,16.7,7.4,24,35,-11,40.68,92.59,83.33,15,24,-9,19,17,2
3,1,2,0,109.6,94.6,24,34,-10,12.5,2.9,32,30,2,51.61,97.06,91.67,17,24,-7,23,13,10
3,2,1,0,101.5,98.5,35,47,-12,5.7,4.3,40,33,7,54.79,95.74,94.29,23,14,9,19,17,2
5,2,3,1,113.9,93.2,28,25,3,17.9,8,20,28,-8,41.67,96,85.19,24,29,-5,19,15,4
2,0,2,1,106.3,96.8,32,28,4,6.3,0,22,31,-9,41.51,100,96.77,12,17,-5,18,9,9
4,2,2,1,102,98,45,29,16,8.9,6.9,28,29,-1,49.12,93.1,91.11,19,24,-5,16,14,2
1,2,-1,0,95.9,104.1,28,26,2,3.6,7.7,23,23,0,50,92.31,96.43,13,15,-2,15,16,-1
1,4,-3,0,86.9,113.1,34,25,9,2.9,16,26,38,-12,40.63,84,97.06,28,19,9,7,15,-8
1,5,-4,0,79.8,120.2,39,22,17,2.6,22.7,34,29,5,53.97,77.27,97.44,23,30,-7,9,22,-13
5,2,3,0,120.3,83.6,20,43,-23,25,4.7,20,39,-19,33.9,95.35,78.95,23,36,-13,21,12,9
3,6,-3,1,89,114.3,28,24,4,10.7,25,27,24,3,52.94,78.26,89.29,21,18,3,9,18,-9
6,2,4,1,120,80,23,33,-10,26.1,6.1,37,23,14,61.67,93.94,73.91,8,27,-19,9,16,-7
5,3,2,1,97.9,105.2,28,15,13,17.9,20,24,20,4,54.55,80,85.19,12,21,-9,7,13,-6
3,2,1,1,103,97,33,33,0,9.1,6.1,35,28,7,55.56,93.94,90.91,18,28,-10,18,15,3
4,2,2,0,105.1,98,29,23,6,13.8,8.7,27,19,8,58.7,91.3,89.29,9,21,-12,13,15,-2
5,4,1,0,103.2,96.8,26,25,1,19.2,16,25,26,-1,49.02,84,80.77,16,18,-2,15,18,-3
4,2,2,1,108,95.5,25,25,0,16,8,27,21,6,56.25,92,87.5,18,9,9,18,13,5
4,2,2,1,107.4,92.6,27,27,0,14.8,7.4,28,25,3,52.83,92.59,85.19,12,24,-12,18,9,9
2,5,-3,1,86.3,113.7,25,23,2,8,21.7,25,18,7,58.14,78.26,92,34,37,-3,9,17,-8
0,4,-4,1,85,119,19,21,-2,0,19,26,24,2,52,85,100,13,21,-8,15,12,3
1,5,-4,0,83.9,116.1,21,24,-3,4.8,20.8,21,28,-7,42.86,79.17,95.24,20,19,1,17,12,5
3,4,-1,1,98.6,101.4,28,33,-5,10.7,12.1,31,31,0,50,87.88,89.29,12,12,0,13,9,4
6,4,2,1,103.9,99.3,24,19,5,25,21.1,20,27,-7,42.55,78.95,78.26,15,18,-3,11,19,-8
4,2,2,1,107.4,96,26,25,1,15.4,8,24,23,1,51.06,92,88,13,19,-6,14,19,-5
1,4,-3,0,98,107.3,26,36,-10,3.8,11.1,17,29,-12,36.96,94.12,96.15,16,12,4,12,19,-7
6,5,1,0,92.3,107.7,31,21,10,16.1,23.8,35,28,7,55.56,76.19,83.87,12,28,-16,11,20,-9
1,2,-1,1,95.3,104.7,30,25,5,3.3,8,37,22,15,62.71,92,96.67,16,16,0,17,19,-2
1,2,-1,0,98.8,101.3,20,32,-12,5,6.3,31,34,-3,47.69,93.75,95,15,14,1,13,13,0
2,3,-1,0,99.4,100.6,25,35,-10,8,8.6,36,30,6,54.55,91.43,92,14,40,-26,19,16,3
4,5,-1,1,97.3,102.7,31,32,-1,12.9,15.6,34,34,0,50,84.38,87.1,27,33,-6,17,14,3
4,5,-1,1,97,103,28,29,-1,14.3,17.2,33,29,4,53.23,82.76,85.71,19,30,-11,26,13,13
2,1,1,1,103.4,96.6,27,25,2,7.4,4,36,26,10,58.06,96,92.59,17,11,6,18,14,4
4,2,2,0,112.2,91.9,21,29,-8,19,6.9,13,27,-14,32.5,93.1,85,24,23,1,11,14,-3
1,2,-1,1,98.1,101.9,20,29,-9,5,6.9,27,33,-6,45,93.1,95,9,23,-14,7,16,-9
2,1,1,1,102.1,97.9,31,23,8,6.5,4.3,23,26,-3,46.94,95.65,93.55,29,25,4,13,18,-5
4,5,-1,0,105.3,99.7,20,34,-14,20,14.7,28,34,-6,45.16,85.29,85,13,22,-9,11,12,-1
1,4,-3,0,98.1,104.2,18,41,-23,5.6,9.8,30,38,-8,44.12,92.5,94.44,22,26,-4,11,31,-20
4,6,-2,0,98.1,104.7,25,29,-4,16,20.7,34,24,10,58.62,82.14,84,11,23,-12,12,15,-3
3,2,1,0,103.6,96.4,31,33,-2,9.7,6.1,30,25,5,54.55,93.94,90.32,15,18,-3,24,17,7
0,4,-4,1,87,116.7,37,24,13,0,16.7,32,26,6,55.17,86.96,100,5,25,-20,14,22,-8
1,3,-2,0,94,110.5,22,20,2,4.5,15,29,22,7,56.86,89.47,95.45,14,23,-9,18,20,-2
4,1,3,0,112.6,90.9,25,29,-4,16,3.4,25,28,-3,47.17,96.55,87.5,7,22,-15,15,15,0
2,1,1,1,105.6,94.4,23,32,-9,8.7,3.1,35,23,12,60.34,96.88,91.3,11,17,-6,16,18,-2
2,6,-4,1,88.8,111.2,21,29,-8,9.5,20.7,21,33,-12,38.89,79.31,90.48,31,10,21,6,17,-11
2,3,-1,1,98.9,101.1,26,34,-8,7.7,8.8,35,23,12,60.34,91.18,92.31,23,11,12,20,14,6
3,5,-2,0,101.5,100.8,25,39,-14,12,12.8,49,24,25,67.12,89.47,88,12,14,-2,17,15,2
5,3,2,1,117.5,86.4,20,40,-20,25,7.5,28,28,0,50,92.5,78.95,24,37,-13,16,14,2
1,0,1,0,109.1,90.9,11,30,-19,9.1,0,30,33,-3,47.62,100,90.91,10,13,-3,15,9,6
5,2,3,0,115.7,91.5,24,39,-15,20.8,5.1,34,29,5,53.97,94.87,86.36,25,27,-2,16,12,4
2,5,-3,1,91.7,108.3,31,34,-3,6.5,14.7,29,36,-7,44.62,85.29,93.55,20,14,6,16,11,5
1,4,-3,0,92,111.2,32,28,4,3.1,14.3,28,39,-11,41.79,88.89,96.88,19,20,-1,17,10,7
3,0,3,1,113.6,90.5,22,42,-20,13.6,0,30,36,-6,45.45,100,90.48,22,19,3,31,12,19
3,6,-3,1,87.9,112.1,32,28,4,9.4,21.4,32,37,-5,46.38,78.57,90.63,19,20,-1,12,16,-4
3,0,3,0,110.7,92.6,28,18,10,10.7,0,13,27,-14,32.5,100,92.59,10,14,-4,25,11,14
0,5,-5,1,86.1,113.9,21,36,-15,0,13.9,28,27,1,50.91,86.11,100,35,25,10,15,10,5
4,1,3,0,104.7,97.7,39,18,21,10.3,5.6,20,26,-6,43.48,94.44,92.11,19,19,0,10,17,-7
4,2,2,1,103.4,99.2,34,24,10,11.8,8.3,27,23,4,54,91.67,90.91,22,13,9,14,20,-6
4,3,1,1,105.9,94.1,23,26,-3,17.4,11.5,23,35,-12,39.66,88.46,82.61,10,21,-11,12,15,-3
2,3,-1,0,90,110,47,21,26,4.3,14.3,36,28,8,56.25,85.71,95.74,16,10,6,12,16,-4
0,3,-3,0,92.9,110.3,27,29,-2,0,10.3,27,29,-2,48.21,92.86,100,17,23,-6,12,11,1
3,2,1,0,101,99,38,29,9,7.9,6.9,36,27,9,57.14,93.1,92.11,17,15,2,9,15,-6
3,2,1,0,105.9,94.1,20,22,-2,15,9.1,29,24,5,54.72,90.91,85,30,13,17,14,6,8
3,2,1,1,103.2,96.8,29,28,1,10.3,7.1,32,24,8,57.14,92.86,89.66,18,19,-1,19,21,-2
1,6,-5,0,86.5,113.5,37,37,0,2.7,16.2,29,38,-9,43.28,83.78,97.3,26,15,11,5,17,-12
3,4,-1,1,90.2,109.8,44,24,20,6.8,16.7,32,30,2,51.61,83.33,93.18,22,9,13,12,20,-8
5,4,1,1,104.7,98.2,29,32,-3,17.2,12.5,29,23,6,55.77,87.5,85.71,13,18,-5,12,21,-9
3,4,-1,1,92.5,107.5,24,20,4,12.5,20,24,27,-3,47.06,80,87.5,16,23,-7,18,19,-1
7,1,6,1,112.9,87.1,43,30,13,16.3,3.3,28,29,-1,49.12,96.67,83.72,18,22,-4,22,13,9
3,1,2,0,108.5,91.5,23,22,1,13,4.5,24,23,1,51.06,95.45,86.96,17,18,-1,19,16,3
2,1,1,0,101.7,98.3,35,25,10,5.7,4,16,30,-14,34.78,96,94.29,10,21,-11,10,22,-12
2,3,-1,0,92.4,107.6,33,22,11,6.1,13.6,28,27,1,50.91,86.36,93.94,20,13,7,16,11,5
2,3,-1,0,92.8,107.2,34,23,11,5.9,13,33,26,7,55.93,86.96,94.12,23,13,10,10,12,-2
5,4,1,1,102.5,97.5,27,25,2,18.5,16,25,28,-3,47.17,84,81.48,22,12,10,19,18,1
3,2,1,1,102,98,32,27,5,9.4,7.4,23,27,-4,46,92.59,90.63,21,29,-8,14,24,-10
2,6,-4,1,83.5,117.4,35,26,9,5.7,23.1,32,25,7,56.14,77.78,94.29,28,21,7,11,15,-4
3,1,2,0,106.9,96.1,31,36,-5,9.7,2.8,29,28,1,50.88,97.22,93.33,12,14,-2,15,14,1
3,4,-1,0,100,100,27,36,-9,11.1,11.1,30,36,-6,45.45,88.89,88.89,15,26,-11,21,17,4
1,4,-3,0,93.1,106.9,24,36,-12,4.2,11.1,22,30,-8,42.31,88.89,95.83,30,25,5,16,9,7
3,7,-4,0,94.4,108,25,35,-10,12,20,22,27,-5,44.9,82.35,88,16,15,1,14,9,5
3,6,-3,0,100.5,102.1,18,32,-14,16.7,18.8,20,23,-3,46.51,83.87,83.33,18,18,0,7,12,-5
4,5,-1,1,98.7,101.3,27,31,-4,14.8,16.1,28,31,-3,47.46,83.87,85.19,9,15,-6,12,19,-7
4,3,1,0,101.2,98.8,38,32,6,10.5,9.4,25,24,1,51.02,90.63,89.47,7,18,-11,17,8,9
3,2,1,0,98.6,101.4,39,22,17,7.7,9.1,17,30,-13,36.17,90.91,92.31,13,28,-15,13,14,-1
3,4,-1,1,92,108,48,28,20,6.3,14.3,24,27,-3,47.06,85.71,93.75,17,17,0,7,24,-17
2,3,-1,1,98.5,101.5,47,35,12,4.3,5.7,33,40,-7,45.21,94.29,95.74,14,23,-9,17,19,-2
4,2,2,1,105.8,97.1,31,28,3,12.9,7.1,24,23,1,51.06,92.86,90,14,18,-4,11,15,-4
3,2,1,1,103.9,96.1,34,41,-7,8.8,4.9,33,32,1,50.77,95.12,91.18,15,29,-14,16,7,9
6,2,4,1,110,90,34,26,8,17.6,7.7,26,34,-8,43.33,92.31,82.35,19,25,-6,12,13,-1
2,3,-1,1,84.8,115.2,32,14,18,6.3,21.4,24,21,3,53.33,78.57,93.75,13,14,-1,5,18,-13
2,3,-1,0,102.2,97.8,15,27,-12,13.3,11.1,22,30,-8,42.31,88.89,86.67,9,18,-9,18,13,5
4,3,1,0,102.3,97.7,28,25,3,14.3,12,21,24,-3,46.67,88,85.71,11,14,-3,11,19,-8
5,3,2,0,105.1,94.9,36,34,2,13.9,8.8,31,28,3,52.54,91.18,86.11,13,20,-7,16,10,6
1,0,1,1,103.3,96.7,30,30,0,3.3,0,30,32,-2,48.39,100,96.67,15,8,7,16,14,2
4,3,1,0,98.1,101.9,34,22,12,11.8,13.6,21,27,-6,43.75,86.36,88.24,18,27,-9,13,11,2
3,5,-2,0,87.7,112.3,43,26,17,7,19.2,32,26,6,55.17,80.77,93.02,16,16,0,13,24,-11
4,0,4,0,110.3,92.1,39,26,13,10.3,0,27,20,7,57.45,100,92.11,18,45,-27,16,17,-1
4,2,2,0,101.4,101.4,32,18,14,12.5,11.1,34,24,10,58.62,88.89,90.32,7,23,-16,21,19,2
3,2,1,1,104.6,95.4,26,29,-3,11.5,6.9,31,20,11,60.78,93.1,88.46,3,14,-11,14,12,2
4,1,3,1,106.8,95.6,38,27,11,10.5,3.7,25,21,4,54.35,96.3,91.89,4,15,-11,12,14,-2
3,5,-2,0,100.1,102.6,23,32,-9,13,15.6,18,27,-9,40,87.1,86.96,13,26,-13,14,13,1
3,4,-1,0,97.3,102.7,27,29,-2,11.1,13.8,28,33,-5,45.9,86.21,88.89,13,25,-12,11,15,-4
3,1,2,1,109.5,90.5,21,21,0,14.3,4.8,19,29,-10,39.58,95.24,85.71,11,16,-5,24,6,18
3,2,1,1,98.1,101.9,42,22,20,7.1,9.1,28,20,8,58.33,90.91,92.86,4,18,-14,9,15,-6
3,2,1,1,103.8,96.2,26,26,0,11.5,7.7,26,30,-4,46.43,92.31,88.46,25,30,-5,10,14,-4
5,6,-1,1,95.2,104.8,30,28,2,16.7,21.4,38,27,11,58.46,78.57,83.33,21,39,-18,15,13,2
6,3,3,1,110.5,89.5,34,42,-8,17.6,7.1,28,38,-10,42.42,92.86,82.35,18,31,-13,23,11,12
7,1,6,0,116.7,83.3,35,30,5,20,3.3,28,22,6,56,96.67,80,8,23,-15,11,14,-3
2,1,1,1,103.5,100.5,25,22,3,8,4.5,28,30,-2,48.28,95.45,96,9,14,-5,14,10,4
4,2,2,1,112.6,87.4,21,31,-10,19,6.5,29,22,7,56.86,93.55,80.95,10,26,-16,18,12,6
6,3,3,1,103,97,36,22,14,16.7,13.6,34,20,14,62.96,86.36,83.33,12,15,-3,16,17,-1
0,1,-1,0,93.8,106.3,28,16,12,0,6.3,30,21,9,58.82,93.75,100,12,6,6,16,22,-6
4,1,3,0,108.9,93.9,32,28,4,12.5,3.6,37,16,21,69.81,96.43,90.32,9,16,-7,15,9,6
4,3,1,0,102.8,97.2,32,31,1,12.5,9.7,25,28,-3,47.17,90.32,87.5,8,16,-8,7,23,-16
6,2,4,1,109.1,90.9,40,34,6,15,5.9,28,22,6,56,94.12,85,12,21,-9,14,10,4
3,5,-2,1,90.4,109.6,31,26,5,9.7,19.2,36,27,9,57.14,80.77,90.32,18,25,-7,13,26,-13
5,2,3,0,109.2,90.8,31,29,2,16.1,6.9,29,31,-2,48.33,93.1,83.87,17,35,-18,19,13,6
0,3,-3,0,91.7,112,30,25,5,0,12,22,17,5,56.41,91.67,100,13,19,-6,15,15,0
3,4,-1,0,91.8,108.2,30,22,8,10,18.2,24,19,5,55.81,81.82,90,15,18,-3,17,27,-10
3,2,1,1,99.7,100.3,34,22,12,8.8,9.1,27,30,-3,47.37,90.91,91.18,15,19,-4,12,7,5
4,3,1,1,95.9,104.1,42,22,20,9.5,13.6,32,28,4,53.33,86.36,90.48,7,15,-8,14,18,-4
7,3,4,0,107.6,92.4,31,20,11,22.6,15,28,32,-4,46.67,85,77.42,10,34,-24,8,11,-3
2,4,-2,1,98.1,104.5,29,35,-6,6.9,11.4,29,28,1,50.88,91.18,93.1,29,16,13,8,14,-6
0,3,-3,1,81.3,118.8,31,16,15,0,18.8,23,24,-1,48.94,81.25,100,5,23,-18,9,14,-5
4,2,2,0,106.5,96.5,31,31,0,12.9,6.5,29,33,-4,46.77,93.55,90,19,13,6,25,15,10
5,1,4,0,113.5,86.5,29,27,2,17.2,3.7,27,23,4,54,96.3,82.76,20,30,-10,19,11,8
1,6,-5,0,79.1,120.9,32,25,7,3.1,24,34,21,13,61.82,76,96.88,10,20,-10,9,13,-4
3,2,1,0,101.1,98.9,34,26,8,8.8,7.7,23,35,-12,39.66,92.31,91.18,11,23,-12,14,20,-6
4,0,4,1,108,92,50,27,23,8,0,27,20,7,57.45,100,92,11,21,-10,17,20,-3
2,3,-1,1,96.6,103.4,35,33,2,5.7,9.1,29,23,6,55.77,90.91,94.29,14,25,-11,15,13,2
1,4,-3,0,90.2,113.4,31,24,7,3.2,16.7,39,23,16,62.9,86.96,96.77,10,23,-13,12,22,-10
4,2,2,0,103.7,98.8,36,27,9,11.1,7.4,30,36,-6,45.45,92.59,91.43,9,29,-20,18,15,3
4,3,1,1,102.9,97.1,31,30,1,12.9,10,39,27,12,59.09,90,87.1,23,21,2,9,21,-12
1,4,-3,1,93.1,109.9,26,29,-3,3.8,13.8,29,23,6,55.77,89.29,96.15,15,28,-13,17,17,0
2,5,-3,1,80.3,119.7,38,20,18,5.3,25,38,25,13,60.32,75,94.74,9,16,-7,12,35,-23
0,6,-6,1,70,130,30,20,10,0,30,29,20,9,59.18,70,100,15,9,6,8,29,-21
1,5,-4,0,88,112,24,31,-7,4.2,16.1,18,19,-1,48.65,83.87,95.83,37,26,11,10,8,2
3,5,-2,1,90.3,110,29,25,4,10.3,20,33,34,-1,49.25,80,90,31,9,22,17,16,1
3,2,1,1,98.7,101.3,34,28,6,5.9,7.1,32,20,12,61.54,92.86,94.12,34,20,14,11,13,-2
4,1,3,1,108.6,91.4,31,23,8,12.9,4.3,28,29,-1,49.12,95.65,87.1,33,16,17,14,18,-4
3,1,2,1,102.6,100,37,18,19,8.1,5.6,29,13,16,69.05,94.44,94.44,43,29,14,11,18,-7
1,2,-1,0,94.7,105.3,33,24,9,3,8.3,29,21,8,58,91.67,96.97,42,19,23,13,10,3
0,3,-3,0,90.5,113.6,39,22,17,0,13.6,21,30,-9,41.18,90.48,100,55,31,24,9,20,-11
2,3,-1,0,94.9,105.1,31,26,5,6.5,11.5,25,23,2,52.08,88.46,93.55,39,25,14,7,21,-14
2,3,-1,0,93.1,106.9,27,21,6,7.4,14.3,28,29,-1,49.12,85.71,92.59,17,11,6,16,20,-4
2,4,-2,1,94.1,109.7,26,23,3,7.7,17.4,22,31,-9,41.51,86.36,92.31,32,19,13,11,23,-12
2,1,1,1,99.6,100.4,32,15,17,6.3,6.7,20,32,-12,38.46,93.33,93.75,28,28,0,16,12,4
4,3,1,1,98.6,101.4,31,27,4,9.7,11.1,17,40,-23,29.82,88.89,90.32,31,21,10,9,18,-9
3,6,-3,0,90.2,109.8,36,33,3,8.3,18.2,30,29,1,50.85,81.82,91.67,43,22,21,12,20,-8
1,0,1,0,103.4,96.6,29,25,4,3.4,0,30,24,6,55.56,100,96.55,28,27,1,14,18,-4
2,4,-2,0,99.2,103.4,24,34,-10,8.3,11.8,25,21,4,54.35,90.91,91.67,27,22,5,16,14,2
1,3,-2,0,84.5,115.5,22,15,7,4.5,20,31,25,6,55.36,80,95.45,35,21,14,14,24,-10
3,2,1,0,104,96,25,25,0,12,8,29,28,1,50.88,92,88,40,24,16,12,14,-2
2,3,-1,0,94.6,105.4,28,24,4,7.1,12.5,31,41,-10,43.06,87.5,92.86,40,35,5,14,13,1
4,0,4,1,111.1,91.4,36,21,15,11.1,0,25,20,5,55.56,100,91.43,29,19,10,5,17,-12
3,0,3,1,108.6,94.3,35,16,19,8.6,0,25,36,-11,40.98,100,94.29,29,24,5,8,15,-7
2,1,1,1,103.4,96.6,29,29,0,6.9,3.4,31,29,2,51.67,96.55,93.1,38,12,26,13,12,1
3,0,3,1,107.1,92.9,42,23,19,7.1,0,33,31,2,51.56,100,92.86,17,29,-12,8,21,-13
4,3,1,1,100,100,36,27,9,11.1,11.1,36,30,6,54.55,88.89,88.89,26,15,11,17,21,-4
4,1,3,0,110.7,89.3,25,19,6,16,5.3,30,28,2,51.72,94.74,84,14,19,-5,7,21,-14
1,2,-1,1,94.6,105.4,27,22,5,3.7,9.1,25,35,-10,41.67,90.91,96.3,27,16,11,7,14,-7
5,1,4,1,106.7,95.2,48,27,21,10.4,3.7,29,26,3,52.73,96.3,91.49,30,21,9,8,14,-6
3,2,1,0,99.7,100.3,34,22,12,8.8,9.1,34,31,3,52.31,90.91,91.18,29,26,3,8,9,-1
3,6,-3,0,92.4,114,33,26,7,9.1,23.1,28,25,3,52.83,83.33,90.91,46,17,29,14,19,-5
6,3,3,1,109.4,93.2,33,34,-1,18.2,8.8,21,41,-20,33.87,91.18,84.38,28,12,16,12,16,-4
5,1,4,1,107.4,92.6,44,25,19,11.4,4,36,35,1,50.7,96,88.64,31,15,16,6,19,-13
3,0,3,1,107.7,94.7,39,29,10,7.7,0,26,34,-8,43.33,100,94.74,23,18,5,21,10,11
1,4,-3,0,90.9,112.4,34,26,8,2.9,15.4,32,35,-3,47.76,88,97.06,36,14,22,14,16,-2
7,2,5,0,113.2,86.8,32,23,9,21.9,8.7,29,26,3,52.73,91.3,78.13,19,22,-3,9,20,-11
1,2,-1,0,96.4,103.6,28,28,0,3.6,7.1,26,26,0,50,92.86,96.43,28,16,12,14,19,-5
5,2,3,0,110.6,89.4,29,30,-1,17.2,6.7,34,25,9,57.63,93.33,82.76,15,18,-3,15,17,-2
3,0,3,1,106.7,95.5,45,34,11,6.7,0,30,23,7,56.6,100,95.45,21,14,7,15,15,0
2,5,-3,1,83.6,120.3,43,20,23,4.7,25,39,20,19,66.1,78.95,95.35,36,23,13,12,21,-9
2,1,1,0,99.9,100.1,28,27,1,3.6,3.7,37,31,6,54.41,96.3,96.43,42,30,12,14,19,-5
3,4,-1,0,99.3,100.7,23,29,-6,13,13.8,28,35,-7,44.44,86.21,86.96,36,22,14,10,27,-17
3,4,-1,1,84.8,115.2,43,18,25,7,22.2,41,31,10,56.94,77.78,93.02,30,42,-12,9,29,-20
4,1,3,0,108.3,97.4,33,26,7,12.1,3.8,30,29,1,50.85,96.15,93.55,34,26,8,16,24,-8
1,3,-2,0,97.6,105.1,27,34,-7,3.7,8.8,27,28,-1,49.09,93.94,96.3,24,19,5,13,13,0
3,2,1,1,99.6,100.4,33,31,2,6.1,6.5,30,28,2,51.72,93.55,93.94,28,15,13,12,10,2
1,3,-2,1,98.7,103.7,26,40,-14,3.8,7.5,36,35,1,50.7,94.87,96.15,28,34,-6,15,16,-1
5,3,2,1,110.7,92.6,26,35,-9,19.2,8.6,28,23,5,54.9,91.43,84,23,22,1,13,21,-8
0,4,-4,1,84,116,34,25,9,0,16,32,21,11,60.38,84,100,19,14,5,10,21,-11
0,4,-4,1,89.3,113.8,36,29,7,0,13.8,29,32,-3,47.54,89.29,100,32,13,19,20,16,4
4,2,2,0,105.9,97.5,26,21,5,15.4,9.5,27,30,-3,47.37,90.48,88,26,24,2,14,12,2
2,1,1,1,103.7,96.3,27,27,0,7.4,3.7,28,29,-1,49.12,96.3,92.59,20,21,-1,14,21,-7
6,1,5,0,114.5,85.5,33,27,6,18.2,3.7,31,27,4,53.45,96.3,81.82,42,25,17,11,9,2
6,5,1,0,104.8,95.2,28,30,-2,21.4,16.7,27,38,-11,41.54,83.33,78.57,39,21,18,13,15,-2
0,3,-3,0,88.9,111.1,32,27,5,0,11.1,33,20,13,62.26,88.89,100,30,16,14,11,16,-5
0,4,-4,0,78.9,121.1,27,19,8,0,21.1,25,32,-7,43.86,78.95,100,25,26,-1,7,18,-11
2,1,1,0,97.5,102.5,33,18,15,3,5.6,32,32,0,50,94.44,96.97,29,16,13,13,18,-5
3,1,2,1,102.1,97.9,54,29,25,5.6,3.4,34,33,1,50.75,96.55,94.44,19,22,-3,15,20,-5
7,5,2,0,110.3,92.5,28,34,-6,25,14.7,32,31,1,50.79,85.29,77.78,37,16,21,13,21,-8
4,5,-1,0,78.5,121.5,41,16,25,9.8,31.3,36,34,2,51.43,68.75,90.24,38,14,24,11,21,-10
6,0,6,1,117.1,82.9,35,20,15,17.1,0,31,30,1,50.82,100,82.86,25,23,2,15,8,7
6,3,3,0,110.3,92.4,30,31,-1,20,9.7,31,34,-3,47.69,90.32,82.76,23,16,7,14,14,0
5,1,4,1,116.7,86.8,24,24,0,20.8,4.2,26,39,-13,40,95.83,82.61,28,19,9,11,20,-9
1,4,-3,1,97.9,108.1,21,31,-10,4.8,12.9,24,33,-9,42.11,93.1,95.24,30,23,7,17,15,2
4,7,-3,1,87.9,115.1,31,25,6,12.9,28,40,26,14,60.61,75,87.1,31,9,22,14,18,-4
1,3,-2,0,92.5,112,33,20,13,3,15,33,25,8,56.9,89.47,96.97,18,19,-1,8,19,-11
3,6,-3,0,97.6,109.2,22,27,-5,13.6,22.2,35,26,9,57.38,84,86.96,36,20,16,16,10,6
5,0,5,1,116.1,83.9,31,27,4,16.1,0,23,35,-12,39.66,100,83.87,27,29,-2,11,14,-3
2,6,-4,1,89.6,113.3,27,29,-2,7.4,20.7,21,33,-12,38.89,82.14,92.59,45,29,16,10,13,-3
1,4,-3,1,89.8,113.8,35,24,11,2.9,16.7,35,23,12,60.34,86.96,97.14,36,25,11,9,21,-12
4,3,1,1,101.6,98.4,31,37,-6,9.7,8.1,34,27,7,55.74,91.89,90.32,16,23,-7,7,16,-9
6,2,4,1,106.5,93.5,34,18,16,17.6,11.1,26,38,-12,40.63,88.89,82.35,21,39,-18,10,13,-3
4,2,2,1,108,95.5,25,25,0,16,8,25,29,-4,46.3,92,87.5,22,26,-4,16,6,10
6,4,2,0,110.3,89.7,28,36,-8,21.4,11.1,35,31,4,53.03,88.89,78.57,17,21,-4,12,18,-6
5,2,3,0,109,91,31,28,3,16.1,7.1,22,40,-18,35.48,92.86,83.87,19,24,-5,11,14,-3
6,3,3,0,110,92.9,29,28,1,20.7,10.7,28,39,-11,41.79,89.29,82.14,20,23,-3,12,11,1
3,1,2,0,106.3,93.7,29,25,4,10.3,4,20,31,-11,39.22,96,89.66,32,29,3,13,13,0
1,5,-4,1,81.3,118.7,25,22,3,4,22.7,22,28,-6,44,77.27,96,55,26,29,12,20,-8
4,3,1,1,96.6,103.4,49,26,23,8.2,11.5,29,38,-9,43.28,88.46,91.84,17,25,-8,17,28,-11
2,3,-1,1,98.1,101.9,28,33,-5,7.1,9.1,31,30,1,50.82,90.91,92.86,35,41,-6,10,18,-8
4,3,1,0,110.3,89.7,22,38,-16,18.2,7.9,26,35,-9,42.62,92.11,81.82,25,17,8,13,13,0
4,3,1,0,104.3,95.7,26,27,-1,15.4,11.1,28,33,-5,45.9,88.89,84.62,36,40,-4,7,8,-1
2,5,-3,0,92.6,110.5,25,27,-2,8,18.5,30,32,-2,48.39,84.62,92,26,26,0,14,16,-2
1,3,-2,0,96.5,106.6,32,31,1,3.1,9.7,25,32,-7,43.86,93.33,96.88,20,27,-7,9,30,-21
6,4,2,1,102.9,97.1,35,28,7,17.1,14.3,33,31,2,51.56,85.71,82.86,21,26,-5,8,21,-13
1,5,-4,1,86,114,31,29,2,3.2,17.2,23,29,-6,44.23,82.76,96.77,19,15,4,7,11,-4
6,5,1,0,110.3,89.7,24,34,-10,25,14.7,32,27,5,54.24,85.29,75,28,12,16,19,18,1
5,0,5,0,113.9,86.1,36,21,15,13.9,0,27,28,-1,49.09,100,86.11,25,35,-10,10,15,-5
5,4,1,1,99.8,100.2,33,26,7,15.2,15.4,32,25,7,56.14,84.62,84.85,22,22,0,12,23,-11
6,1,5,1,116.7,83.3,29,25,4,20.7,4,34,25,9,57.63,96,79.31,16,31,-15,11,16,-5
1,2,-1,1,96.3,103.7,29,28,1,3.4,7.1,31,26,5,54.39,92.86,96.55,18,24,-6,10,30,-20
3,0,3,1,110.3,92.9,29,27,2,10.3,0,29,27,2,51.79,100,92.86,23,17,6,11,12,-1
4,2,2,0,113.3,90.9,20,30,-10,20,6.7,39,31,8,55.71,93.33,84.21,26,28,-2,15,19,-4
4,1,3,1,115,89.2,20,20,0,20,5,23,26,-3,46.94,95,84.21,19,26,-7,17,20,-3
8,1,7,1,117.9,82.1,36,23,13,22.2,4.3,40,27,13,59.7,95.65,77.78,18,16,2,8,25,-17
1,3,-2,1,94.8,108.8,36,26,10,2.8,11.5,21,34,-13,38.18,92,97.22,17,26,-9,9,14,-5
0,4,-4,0,84.6,115.4,22,26,-4,0,15.4,30,30,0,50,84.62,100,17,15,2,8,14,-6
3,1,2,1,104.7,98.1,33,23,10,9.1,4.3,23,32,-9,41.82,95.65,93.75,26,24,2,18,8,10
7,2,5,1,115.1,84.9,23,13,10,30.4,15.4,33,29,4,53.23,84.62,69.57,13,24,-11,12,8,4
7,2,5,1,122.4,77.6,25,36,-11,28,5.6,30,29,1,50.85,94.44,72,23,15,8,17,10,7
3,1,2,0,103.2,99.6,33,17,16,9.1,5.9,21,23,-2,47.73,94.12,93.75,19,22,-3,10,8,2
1,3,-2,0,93.9,110.2,29,22,7,3.4,13.6,26,29,-3,47.27,90.48,96.55,18,19,-1,20,11,9
1,0,1,1,104.8,95.2,21,24,-3,4.8,0,30,25,5,54.55,100,95.24,18,26,-8,9,21,-12
3,0,3,1,111.1,88.9,27,21,6,11.1,0,29,27,2,51.79,100,88.89,21,21,0,10,10,0
4,1,3,1,109.6,93.3,32,34,-2,12.5,2.9,16,38,-22,29.63,97.06,90.32,19,25,-6,20,11,9
6,5,1,0,101.5,98.5,35,32,3,17.1,15.6,24,38,-14,38.71,84.38,82.86,29,17,12,17,18,-1
2,1,1,1,103.7,96.3,23,20,3,8.7,5,30,28,2,51.72,95,91.3,36,35,1,16,23,-7
2,3,-1,1,102,98,23,30,-7,8.7,6.7,25,27,-2,48.08,93.33,91.3,22,20,2,17,19,-2
1,5,-4,0,80.2,123.9,42,19,23,2.4,26.3,29,21,8,58,77.78,97.62,13,11,2,12,19,-7
1,4,-3,0,92.1,107.9,26,34,-8,3.8,11.8,29,28,1,50.88,88.24,96.15,25,34,-9,10,20,-10
2,6,-4,0,87.1,112.9,31,31,0,6.5,19.4,34,24,10,58.62,80.65,93.55,28,15,13,15,16,-1
2,3,-1,1,90,110,26,17,9,7.7,17.6,27,26,1,50.94,82.35,92.31,27,28,-1,10,17,-7
5,2,3,1,117.6,82.4,19,23,-4,26.3,8.7,27,26,1,50.94,91.3,73.68,17,23,-6,19,15,4
5,3,2,1,108.5,94.7,26,28,-2,19.2,10.7,27,37,-10,42.19,89.29,84,24,20,4,23,20,3
1,2,-1,1,98.4,101.6,45,26,19,2.2,3.8,34,23,11,59.65,96.15,97.78,14,18,-4,21,15,6
5,4,1,1,97.5,102.5,37,30,7,10.8,13.3,26,33,-7,44.07,86.67,89.19,13,19,-6,20,22,-2
6,3,3,1,101.9,100.4,37,21,16,16.2,14.3,27,36,-9,42.86,85.71,86.11,11,22,-11,12,17,-5
4,2,2,0,108.2,91.8,26,28,-2,15.4,7.1,28,31,-3,47.46,92.86,84.62,22,15,7,16,10,6
0,3,-3,0,93.8,109.1,28,33,-5,0,9.1,25,31,-6,44.64,93.75,100,29,18,11,18,9,9
0,3,-3,0,94.7,107.7,29,39,-10,0,7.7,34,26,8,56.67,94.74,100,18,23,-5,10,21,-11
2,5,-3,0,93.2,113.9,25,28,-3,8,17.9,28,20,8,58.33,85.19,96,29,24,5,15,19,-4
2,3,-1,0,93.6,106.4,33,24,9,6.1,12.5,30,22,8,57.69,87.5,93.94,21,25,-4,13,23,-10
2,1,1,1,103.6,96.4,28,28,0,7.1,3.6,26,26,0,50,96.43,92.86,16,28,-12,19,14,5
1,5,-4,1,91.3,111.8,26,32,-6,3.8,15.6,27,31,-4,46.55,87.5,96.15,18,7,11,14,14,0
2,4,-2,0,92.4,111.5,30,22,8,6.7,18.2,27,23,4,54,85.71,93.33,26,32,-6,14,24,-10
5,1,4,0,119,81,21,21,0,23.8,4.8,35,29,6,54.69,95.24,76.19,12,22,-10,17,12,5
0,1,-1,0,96.7,103.3,30,30,0,0,3.3,32,30,2,51.61,96.67,100,8,15,-7,14,16,-2
1,2,-1,0,92,108,32,18,14,3.1,11.1,33,18,15,64.71,88.89,96.88,10,20,-10,17,13,4
2,1,1,0,103.4,96.6,23,19,4,8.7,5.3,28,29,-1,49.12,94.74,91.3,33,31,2,11,11,0
2,1,1,1,106.6,93.4,21,34,-13,9.5,2.9,31,30,1,50.82,97.06,90.48,36,25,11,17,16,1
3,0,3,1,112.5,91.3,24,33,-9,12.5,0,21,35,-14,37.5,100,91.3,15,23,-8,20,14,6
5,4,1,1,106,94,20,21,-1,25,19,25,25,0,50,80.95,75,24,14,10,12,20,-8
4,3,1,1,102.7,97.3,29,27,2,13.8,11.1,33,28,5,54.1,88.89,86.21,25,13,12,15,11,4
1,3,-2,0,93.8,110.4,26,21,5,3.8,14.3,18,37,-19,32.73,90,96.15,16,21,-5,13,14,-1
2,3,-1,0,96.8,103.2,24,26,-2,8.3,11.5,22,24,-2,47.83,88.46,91.67,12,24,-12,9,9,0
7,3,4,0,114.4,88.5,27,26,1,25.9,11.5,29,33,-4,46.77,88.46,76.92,13,14,-1,17,18,-1
2,3,-1,0,96.8,103.2,31,31,0,6.5,9.7,32,27,5,54.24,90.32,93.55,15,18,-3,14,17,-3
5,1,4,0,112.5,87.5,32,32,0,15.6,3.1,19,32,-13,37.25,96.88,84.38,14,39,-25,8,12,-4
1,3,-2,0,95.6,104.4,14,26,-12,7.1,11.5,28,22,6,56,88.46,92.86,18,27,-9,20,16,4
3,1,2,0,105,98.1,30,20,10,10,5,20,18,2,52.63,95,93.1,14,16,-2,12,9,3
4,1,3,1,107.4,98.1,34,23,11,11.8,4.3,28,22,6,56,95.65,93.75,19,20,-1,17,22,-5
3,2,1,1,110.5,89.5,17,28,-11,17.6,7.1,22,28,-6,44,92.86,82.35,32,8,24,21,13,8
5,2,3,1,109.4,93.7,27,22,5,18.5,9.1,31,23,8,57.41,90.91,84.62,36,31,5,20,14,6
2,1,1,0,107.9,92.1,18,31,-13,11.1,3.2,28,25,3,52.83,96.77,88.89,18,25,-7,9,20,-11
4,1,3,1,105,97.8,33,14,19,12.1,7.1,30,27,3,52.63,92.86,90.63,32,18,14,13,12,1
2,7,-5,0,75,125,24,21,3,8.3,33.3,33,27,6,55,66.67,91.67,18,20,-2,6,16,-10
2,1,1,1,104.5,95.5,21,20,1,9.5,5,24,21,3,53.33,95,90.48,24,24,0,15,15,0
0,1,-1,1,94.7,105.3,23,19,4,0,5.3,34,23,11,59.65,94.74,100,19,19,0,14,18,-4
4,1,3,1,104.2,98.1,41,18,23,9.8,5.6,38,30,8,55.88,94.44,92.5,26,22,4,31,11,20
2,4,-2,0,101.3,102.1,15,26,-11,13.3,15.4,39,19,20,67.24,88,86.67,24,20,4,18,15,3
1,3,-2,0,96,107.3,29,28,1,3.4,10.7,21,25,-4,45.65,92.59,96.55,25,23,2,18,36,-18
5,2,3,1,114,89.5,23,26,-3,21.7,7.7,33,25,8,56.9,92.31,81.82,8,16,-8,22,12,10
2,4,-2,1,98.1,110.2,28,23,5,7.1,17.4,24,25,-1,48.98,90.91,92.86,26,33,-7,21,18,3
5,1,4,0,113.7,89.4,28,24,4,17.9,4.2,33,30,3,52.38,95.83,85.19,25,11,14,13,9,4
3,0,3,0,111.1,92.3,27,16,11,11.1,0,30,25,5,54.55,100,92.31,12,21,-9,12,14,-2
3,4,-1,1,93.2,106.8,40,21,19,7.5,14.3,36,19,17,65.45,85.71,92.5,24,25,-1,13,17,-4
6,3,3,1,110.7,89.3,27,26,1,22.2,11.5,28,28,0,50,88.46,77.78,27,21,6,10,7,3
2,4,-2,0,92.1,111.9,28,21,7,7.1,19,33,24,9,57.89,85,92.86,15,21,-6,11,24,-13
3,2,1,1,105.4,94.6,23,26,-3,13,7.7,24,36,-12,40,92.31,86.96,26,20,6,15,13,2
3,2,1,1,102.3,97.7,30,26,4,10,7.7,27,31,-4,46.55,92.31,90,24,39,-15,24,13,11
1,6,-5,0,82.9,117.1,35,30,5,2.9,20,18,32,-14,36,80,97.14,35,21,14,12,21,-9
4,1,3,0,104,101.3,36,14,22,11.1,7.1,33,20,13,62.26,92.86,94.12,20,20,0,11,17,-6
4,1,3,0,108.8,94,32,27,5,12.5,3.7,22,32,-10,40.74,96.3,90.32,25,34,-9,12,19,-7
2,6,-4,0,82.8,117.2,34,26,8,5.9,23.1,27,33,-6,45,76.92,94.12,26,28,-2,8,17,-9
7,8,-1,0,107.4,92.6,26,41,-15,26.9,19.5,38,30,8,55.88,80.49,73.08,22,26,-4,22,10,12
1,2,-1,0,95.2,104.8,34,26,8,2.9,7.7,22,27,-5,44.9,92.31,97.06,26,32,-6,15,19,-4
3,1,2,0,110,93.9,23,33,-10,13,3,25,35,-10,41.67,96.97,90.91,16,28,-12,19,15,4
3,2,1,1,100.6,99.4,40,29,11,7.5,6.9,30,30,0,50,93.1,92.5,22,17,5,16,14,2
3,2,1,0,94.8,105.2,33,14,19,9.1,14.3,24,33,-9,42.11,85.71,90.91,30,17,13,11,17,-6
2,4,-2,0,98.6,101.4,18,32,-14,11.1,12.5,27,30,-3,47.37,87.5,88.89,25,26,-1,18,24,-6
8,7,1,1,95.6,104.4,44,31,13,18.2,22.6,41,36,5,53.25,77.42,81.82,24,27,-3,14,24,-10
3,2,1,1,99.3,100.7,41,25,16,7.3,8,20,36,-16,35.71,92,92.68,27,17,10,14,10,4
1,3,-2,0,92.5,107.5,28,27,1,3.6,11.1,23,27,-4,46,88.89,96.43,21,14,7,26,18,8
4,5,-1,0,103.8,96.2,24,39,-15,16.7,12.8,18,36,-18,33.33,87.18,83.33,17,24,-7,11,13,-2
2,3,-1,0,99.5,100.5,30,28,2,6.7,7.1,28,25,3,52.83,92.86,93.33,25,23,2,18,13,5
2,5,-3,1,93.5,106.8,23,33,-10,8.7,15.2,21,27,-6,43.75,84.85,91.67,29,24,5,19,9,10
4,2,2,1,112.4,91.7,21,30,-9,19,6.7,23,33,-10,41.07,93.33,85,25,13,12,22,9,13
1,5,-4,1,93.4,109,24,38,-14,4.2,13.2,21,30,-9,41.18,89.19,95.83,24,21,3,14,9,5
0,3,-3,0,92.9,110.3,32,29,3,0,10.3,35,33,2,51.47,92.86,100,26,15,11,22,10,12
4,1,3,1,114.3,89.8,21,21,0,19,4.8,27,22,5,55.1,95.24,85,20,20,0,18,12,6
4,0,4,1,114.3,88.9,28,34,-6,14.3,0,26,26,0,50,100,88.89,17,17,0,18,9,9
3,1,2,1,110.2,93.9,22,29,-7,13.6,3.4,29,26,3,52.73,96.55,90.48,19,18,1,11,20,-9
1,5,-4,1,90.7,112.3,18,28,-10,5.6,17.9,20,31,-11,39.22,85.19,94.44,19,17,2,19,19,0
2,3,-1,1,97.5,102.5,28,31,-3,7.1,9.7,26,35,-9,42.62,90.32,92.86,20,34,-14,14,12,2
2,1,1,1,100.8,99.2,23,28,-5,4.3,3.6,26,30,-4,46.43,96.43,95.65,16,11,5,22,16,6
1,3,-2,1,93.8,110.3,30,22,8,3.3,13.6,21,23,-2,47.73,90.48,96.67,20,17,3,20,24,-4
1,3,-2,0,92.1,112.4,38,20,18,2.6,15,25,15,10,62.5,89.47,97.37,31,29,2,16,21,-5
4,3,1,0,111.7,88.3,20,36,-16,20,8.3,24,39,-15,38.1,91.67,80,15,17,-2,21,9,12
1,0,1,1,104.5,95.5,22,28,-6,4.5,0,23,23,0,50,100,95.45,22,27,-5,7,13,-6
2,5,-3,0,96.2,106.7,20,30,-10,10,16.7,22,31,-9,41.51,86.21,90,14,15,-1,23,19,4
1,6,-5,0,86.9,113.1,16,31,-15,6.3,19.4,27,26,1,50.94,80.65,93.75,31,21,10,21,11,10
2,3,-1,1,89.6,110.4,24,16,8,8.3,18.8,18,23,-5,43.9,81.25,91.67,21,25,-4,13,16,-3
4,3,1,0,100.3,99.7,39,30,9,10.3,10,20,30,-10,40,90,89.74,21,22,-1,13,18,-5
6,3,3,1,109.6,96.1,33,35,-2,18.2,8.6,22,32,-10,40.74,91.43,87.5,13,17,-4,12,21,-9
2,1,1,1,105.7,94.3,24,38,-14,8.3,2.6,22,32,-10,40.74,97.37,91.67,19,8,11,23,11,12
0,3,-3,0,94.1,108.6,36,35,1,0,8.6,30,30,0,50,94.12,100,15,14,1,15,14,1
0,6,-6,0,88.5,111.5,16,52,-36,0,11.5,17,41,-24,29.31,88.46,100,26,19,7,15,15,0
4,0,4,0,114.8,88.5,27,19,8,14.8,0,14,23,-9,37.84,100,88.46,21,18,3,19,11,8
3,1,2,0,109,94.7,25,33,-8,12,3,19,32,-13,37.25,96.97,91.67,12,23,-11,22,8,14
4,2,2,0,104.3,98.9,28,20,8,14.3,10,24,33,-9,42.11,90,88.89,10,26,-16,16,12,4
4,5,-1,1,98.8,101.2,25,29,-4,16,17.2,24,39,-15,38.1,82.76,84,23,20,3,20,13,7
0,4,-4,1,86.2,113.8,26,29,-3,0,13.8,20,22,-2,47.62,86.21,100,14,15,-1,6,12,-6
3,1,2,0,107.8,92.2,26,27,-1,11.5,3.7,31,30,1,50.82,96.3,88.46,7,16,-9,17,9,8
2,6,-4,0,93.4,108.9,29,38,-9,6.9,15.8,30,37,-7,44.78,86.49,93.1,16,15,1,15,8,7
3,5,-2,1,94.9,105.1,34,36,-2,8.8,13.9,28,31,-3,47.46,86.11,91.18,20,13,7,10,16,-6
1,4,-3,0,95.4,104.6,16,37,-21,6.3,10.8,28,22,6,56,89.19,93.75,27,23,4,16,10,6
3,1,2,0,110.9,89.1,22,37,-15,13.6,2.7,23,27,-4,46,97.3,86.36,20,18,2,17,14,3
1,6,-5,1,81.8,118.2,25,27,-2,4,22.2,33,24,9,57.89,77.78,96,18,18,0,13,14,-1
6,4,2,1,111,92.1,26,33,-7,23.1,12.1,24,32,-8,42.86,87.88,80,29,31,-2,19,12,7
4,0,4,0,114.8,88.5,27,21,6,14.8,0,24,38,-14,38.71,100,88.46,14,11,3,17,12,5
4,3,1,0,99.4,100.6,33,31,2,9.1,9.7,20,35,-15,36.36,90.32,90.91,10,16,-6,14,16,-2
5,3,2,1,106.6,93.4,38,46,-8,13.2,6.5,36,28,8,56.25,93.48,86.84,14,19,-5,13,9,4
1,3,-2,1,97.7,104.9,31,37,-6,3.2,8.1,32,31,1,50.79,94.44,96.77,26,18,8,13,13,0
3,2,1,0,109.8,90.2,18,29,-11,16.7,6.9,28,26,2,51.85,93.1,83.33,28,18,10,19,15,4
4,3,1,1,105.1,98.1,27,31,-4,14.8,9.7,23,23,0,50,90.32,88.46,26,29,-3,13,17,-4
0,5,-5,0,79.2,120.8,19,24,-5,0,20.8,24,26,-2,48,79.17,100,12,7,5,14,16,-2
1,2,-1,1,92.3,107.7,29,18,11,3.4,11.1,17,29,-12,36.96,88.89,96.55,11,9,2,14,10,4
1,6,-5,1,85.5,114.5,27,33,-6,3.7,18.2,27,31,-4,46.55,81.82,96.3,25,42,-17,9,11,-2
2,3,-1,1,98,102,22,27,-5,9.1,11.1,29,35,-6,45.31,88.89,90.91,13,20,-7,17,16,1
4,1,3,1,113.6,90.3,22,22,0,18.2,4.5,26,34,-8,43.33,95.45,85.71,18,17,1,16,11,5
1,7,-6,1,83.3,116.7,30,35,-5,3.3,20,22,28,-6,44,80,96.67,23,8,15,14,11,3
5,4,1,0,94.5,105.5,38,25,13,10.5,16,31,35,-4,46.97,84,89.47,27,14,13,13,13,0
1,4,-3,0,98.1,107.4,23,34,-11,4.3,11.8,22,28,-6,44,93.75,95.65,20,19,1,22,17,5
5,1,4,0,111.4,91.2,33,27,6,15.2,3.7,32,23,9,58.18,96.3,87.5,15,21,-6,21,14,7
3,2,1,1,104.1,95.9,29,32,-3,10.3,6.3,20,26,-6,43.48,93.75,89.66,20,14,6,7,16,-9
3,2,1,1,103.3,96.7,28,27,1,10.7,7.4,21,23,-2,47.73,92.59,89.29,22,30,-8,21,8,13
3,2,1,1,101.6,98.4,29,23,6,10.3,8.7,27,15,12,64.29,91.3,89.66,17,14,3,4,16,-12
1,0,1,0,103.3,96.7,30,39,-9,3.3,0,28,32,-4,46.67,100,96.67,22,15,7,32,14,18
1,4,-3,1,92.6,110.2,44,32,12,2.3,12.5,29,24,5,54.72,90.32,97.73,19,16,3,14,17,-3
3,4,-1,0,103.4,96.6,23,31,-8,13,9.7,31,17,14,64.58,90.32,86.96,13,16,-3,16,18,-2
5,3,2,0,109.6,90.4,26,31,-5,19.2,9.7,27,36,-9,42.86,90.32,80.77,25,18,7,26,13,13
4,2,2,0,106,97.2,28,24,4,14.3,8.3,27,31,-4,46.55,91.67,88.89,17,17,0,19,19,0
1,2,-1,1,99.3,100.7,23,40,-17,4.3,5,24,32,-8,42.86,95,95.65,29,14,15,14,17,-3
3,0,3,1,110.7,92.6,28,19,9,10.7,0,23,27,-4,46,100,92.59,14,22,-8,16,11,5
1,2,-1,0,93.9,106.1,33,22,11,3,9.1,26,28,-2,48.15,90.91,96.97,25,16,9,9,13,-4
5,2,3,0,110.4,89.6,31,35,-4,16.1,5.7,28,20,8,58.33,94.29,83.87,9,21,-12,21,18,3
5,2,3,0,108.4,94.4,31,26,5,16.1,7.7,21,35,-14,37.5,92.31,86.67,16,20,-4,9,17,-8
1,5,-4,1,89.4,113.7,24,28,-4,4.2,17.9,30,33,-3,47.62,85.19,95.83,11,25,-14,9,13,-4
2,1,1,1,102.5,97.5,33,28,5,6.1,3.6,23,24,-1,48.94,96.43,93.94,22,30,-8,8,24,-16
5,3,2,1,112.7,95,22,30,-8,22.7,10,25,29,-4,46.3,90,85,22,11,11,18,10,8
5,3,2,0,102.2,100.1,40,29,11,12.5,10.3,25,35,-10,41.67,89.66,89.74,15,15,0,16,11,5
5,7,-2,0,92,111.2,26,23,3,19.2,30.4,27,28,-1,49.09,72.73,80.77,9,24,-15,12,22,-10
4,2,2,0,114.5,90,18,26,-8,22.2,7.7,29,23,6,55.77,92.31,82.35,29,14,15,19,16,3
5,1,4,0,118.7,81.3,22,25,-3,22.7,4,28,22,6,56,96,77.27,26,55,-29,20,12,8
3,1,2,0,104.7,95.3,34,24,10,8.8,4.2,21,26,-5,44.68,95.83,91.18,13,27,-14,20,11,9
4,1,3,0,108,92,26,28,-2,11.5,3.6,21,26,-5,44.68,96.43,88.46,24,22,2,23,18,5
1,2,-1,0,98,102,27,35,-8,3.7,5.7,28,31,-3,47.46,94.29,96.3,18,16,2,15,11,4
4,5,-1,1,98.8,101.2,38,34,4,10.5,11.8,33,32,1,50.77,88.24,89.47,38,21,17,8,15,-7
3,2,1,1,105.5,94.5,26,33,-7,11.5,6.1,32,27,5,54.24,93.94,88.46,14,20,-6,18,8,10
4,2,2,1,111.3,92.6,22,29,-7,18.2,6.9,22,36,-14,37.93,93.1,85.71,27,34,-7,20,14,6
3,4,-1,1,102.3,97.7,21,25,-4,14.3,12,27,18,9,60,88,85.71,12,25,-13,18,16,2
0,1,-1,0,97.1,102.9,15,35,-20,0,2.9,26,22,4,54.17,97.14,100,21,24,-3,13,18,-5
2,5,-3,0,97,105.6,22,34,-12,9.1,14.7,32,33,-1,49.23,87.88,90.91,21,18,3,7,14,-7
4,1,3,1,116.3,92.3,21,36,-15,19,2.8,30,28,2,51.72,97.22,89.47,26,24,2,12,18,-6
2,1,1,0,109.1,90.9,17,37,-20,11.8,2.7,23,24,-1,48.94,97.3,88.24,16,19,-3,24,10,14
3,2,1,1,103.2,96.8,26,24,2,11.5,8.3,22,24,-2,47.83,91.67,88.46,40,24,16,14,10,4
4,1,3,1,107.2,95.6,32,19,13,12.5,5.3,31,28,3,52.54,94.74,90.32,34,29,5,21,15,6
3,2,1,1,106.9,93.1,21,27,-6,14.3,7.4,29,28,1,50.88,92.59,85.71,11,17,-6,20,16,4
4,2,2,0,109.7,94.1,23,26,-3,17.4,7.7,31,22,9,58.49,92.31,86.36,19,32,-13,23,11,12
1,4,-3,0,98,110,15,24,-9,6.7,16.7,32,26,6,55.17,91.3,93.33,22,16,6,22,10,12
4,6,-2,0,93.3,106.7,30,30,0,13.3,20,29,30,-1,49.15,80,86.67,20,16,4,11,17,-6
1,6,-5,0,87.8,112.2,25,37,-12,4,16.2,27,28,-1,49.09,83.78,96,26,25,1,15,13,2
4,5,-1,1,103,97,29,37,-8,13.8,10.8,36,29,7,55.38,89.19,86.21,27,17,10,18,17,1
3,4,-1,0,91.3,108.7,41,25,16,7.3,16,39,32,7,54.93,84,92.68,21,19,2,28,19,9
6,3,3,1,106.2,99.1,33,25,8,18.2,12,23,37,-14,38.33,88,87.1,29,17,12,10,12,-2
3,1,2,1,115.5,84.5,15,22,-7,20,4.5,25,31,-6,44.64,95.45,80,21,35,-14,24,14,10
4,5,-1,0,101.7,98.3,25,35,-10,16,14.3,28,25,3,52.83,85.71,84,23,17,6,17,9,8
4,2,2,0,108.4,94.9,27,31,-4,14.8,6.5,28,35,-7,44.44,93.55,88.46,31,23,8,17,21,-4
0,1,-1,0,95.8,104.2,26,24,2,0,4.2,39,18,21,68.42,95.83,100,25,18,7,16,9,7
2,3,-1,0,98,102,27,32,-5,7.4,9.4,27,23,4,54,90.63,92.59,29,21,8,24,14,10
4,3,1,1,111.7,88.3,20,36,-16,20,8.3,37,25,12,59.68,91.67,80,20,37,-17,24,10,14
4,2,2,0,105.8,97.3,29,25,4,13.8,8,39,28,11,58.21,92,89.29,27,28,-1,28,17,11
4,3,1,1,100.6,99.4,33,26,7,12.1,11.5,35,27,8,56.45,88.46,87.88,39,33,6,20,21,-1
4,0,4,1,122.2,77.8,18,20,-2,22.2,0,18,26,-8,40.91,100,77.78,27,21,6,21,11,10
5,2,3,0,112.6,87.4,25,27,-2,20,7.4,23,46,-23,33.33,92.59,80,39,40,-1,11,17,-6
3,5,-2,1,88.6,115.2,35,21,14,8.6,23.8,39,31,8,55.71,80,91.43,29,26,3,16,25,-9
0,4,-4,1,81.8,118.2,34,22,12,0,18.2,36,23,13,61.02,81.82,100,26,20,6,12,14,-2
3,6,-3,0,100.4,101.9,21,37,-16,14.3,16.2,36,27,9,57.14,86.11,85.71,22,11,11,17,12,5
4,3,1,0,110,90,20,30,-10,20,10,27,19,8,58.7,90,80,29,17,12,21,23,-2
2,3,-1,0,95.1,104.9,23,22,1,8.7,13.6,29,18,11,61.7,86.36,91.3,11,23,-12,20,14,6
0,4,-4,1,88.5,114.8,19,27,-8,0,14.8,23,14,9,62.16,88.46,100,18,21,-3,11,19,-8
1,4,-3,1,91,112.7,25,24,1,4,16.7,35,26,9,57.38,86.96,96,40,13,27,14,20,-6
3,4,-1,1,100.3,99.7,32,44,-12,9.4,9.1,36,40,-4,47.37,90.91,90.63,20,17,3,32,22,10
2,4,-2,0,98,102,29,45,-16,6.9,8.9,29,28,1,50.88,91.11,93.1,24,19,5,14,16,-2
3,2,1,1,107.9,92.1,22,35,-13,13.6,5.7,28,29,-1,49.12,94.29,86.36,23,18,5,11,15,-4
5,4,1,1,99.2,100.8,37,28,9,13.5,14.3,24,27,-3,47.06,85.71,86.49,16,17,-1,11,14,-3
3,7,-4,1,90.4,112,35,34,1,8.6,20.6,39,28,11,58.21,81.82,91.43,15,20,-5,17,19,-2
3,1,2,0,109.5,94.3,24,33,-9,12.5,3,29,27,2,51.79,96.97,91.3,33,25,8,23,9,14
5,3,2,0,106.5,93.5,27,25,2,18.5,12,32,31,1,50.79,88,81.48,22,19,3,17,14,3
1,2,-1,1,100.4,99.6,31,36,-5,3.2,2.8,29,37,-8,43.94,97.22,96.77,30,8,22,20,21,-1
3,2,1,0,98.2,101.8,30,17,13,10,11.8,24,25,-1,48.98,88.24,90,19,25,-6,14,18,-4
5,4,1,1,100.8,99.2,24,20,4,20.8,20,27,19,8,58.7,80,79.17,30,39,-9,9,17,-8
2,1,1,0,100,100,23,23,0,4.3,4.3,26,22,4,54.17,95.65,95.65,29,17,12,20,17,3
2,4,-2,0,89.6,110.4,40,26,14,5,15.4,23,23,0,50,84.62,95,25,20,5,9,14,-5
3,2,1,0,106.7,93.3,22,29,-7,13.6,6.9,24,17,7,58.54,93.1,86.36,39,22,17,11,11,0
5,2,3,0,104.8,97.6,37,23,14,13.5,8.7,34,30,4,53.13,91.3,88.89,20,19,1,17,13,4
4,0,4,0,116,84,25,34,-9,16,0,21,32,-11,39.62,100,84,14,19,-5,21,10,11
4,5,-1,0,97.3,102.7,31,32,-1,12.9,15.6,35,31,4,53.03,84.38,87.1,15,18,-3,15,15,0
5,1,4,1,116.1,83.9,24,21,3,20.8,4.8,28,21,7,57.14,95.24,79.17,19,20,-1,12,17,-5
4,3,1,0,101.4,98.6,33,28,5,12.1,10.7,31,31,0,50,89.29,87.88,12,12,0,9,13,-4
6,1,5,1,117.5,82.5,27,21,6,22.2,4.8,27,29,-2,48.21,95.24,77.78,7,26,-19,23,13,10
2,4,-2,0,95.6,107.7,28,27,1,7.1,14.8,26,26,0,50,88.46,92.86,20,11,9,11,15,-4
2,9,-7,1,81.4,118.6,23,33,-10,8.7,27.3,25,26,-1,49.02,72.73,91.3,26,11,15,16,8,8
3,2,1,1,102.6,97.4,21,29,-8,9.5,6.9,28,28,0,50,93.1,90.48,21,30,-9,17,11,6
2,4,-2,1,96.9,103.1,24,35,-11,8.3,11.4,25,26,-1,49.02,88.57,91.67,28,23,5,17,16,1
3,0,3,1,110,93.1,30,29,1,10,0,28,22,6,56,100,93.1,26,19,7,23,11,12
2,1,1,1,104.2,95.8,27,31,-4,7.4,3.2,24,19,5,55.81,96.77,92.59,37,32,5,19,9,10
3,6,-3,0,93.5,109.3,28,30,-2,10.7,20,28,33,-5,45.9,82.76,89.29,18,26,-8,12,20,-8
3,4,-1,0,96.4,103.6,28,28,0,10.7,14.3,29,37,-8,43.94,85.71,89.29,23,22,1,18,10,8
4,3,1,0,104.9,95.1,23,24,-1,17.4,12.5,32,29,3,52.46,87.5,82.61,24,25,-1,14,16,-2
2,3,-1,1,105,95,13,29,-16,15.4,10.3,26,19,7,57.78,89.66,84.62,44,15,29,24,15,9
2,6,-4,1,90.3,109.7,17,28,-11,11.8,21.4,25,26,-1,49.02,78.57,88.24,40,19,21,13,17,-4
3,0,3,1,112,91.7,25,30,-5,12,0,17,22,-5,43.59,100,91.67,19,13,6,15,15,0
5,1,4,1,112.8,87.2,30,26,4,16.7,3.8,27,27,0,50,96.15,83.33,21,18,3,17,12,5
0,3,-3,0,92.6,110.7,19,28,-9,0,10.7,27,23,4,54,92.59,100,22,14,8,11,16,-5
7,5,2,0,102.7,100.5,23,18,5,30.4,27.8,26,40,-14,39.39,72.22,72.73,16,23,-7,14,13,1
1,4,-3,0,89.9,110.1,21,27,-6,4.8,14.8,27,35,-8,43.55,85.19,95.24,20,24,-4,7,21,-14
3,5,-2,0,97.1,106,24,27,-3,12.5,18.5,24,27,-3,47.06,84.62,87.5,25,22,3,13,14,-1
2,3,-1,1,99.8,100.2,24,35,-11,8.3,8.6,39,29,10,57.35,91.43,91.67,25,29,-4,22,13,9
1,3,-2,0,95.2,108.7,26,24,2,3.8,12.5,21,28,-7,42.86,91.3,96.15,28,19,9,24,19,5
3,6,-3,0,102.4,97.6,15,34,-19,20,17.6,36,23,13,61.02,82.35,80,23,22,1,24,22,2
2,8,-6,1,71.9,128.1,30,23,7,6.7,34.8,29,35,-6,45.31,65.22,93.33,19,16,3,13,17,-4
4,3,1,0,105.1,94.9,24,26,-2,16.7,11.5,22,36,-14,37.93,88.46,83.33,18,28,-10,22,12,10
5,2,3,1,112.8,90.5,26,31,-5,19.2,6.5,22,28,-6,44,93.55,84,24,18,6,19,16,3
2,7,-5,1,93.1,106.9,23,45,-22,8.7,15.6,27,24,3,52.94,84.44,91.3,21,18,3,16,15,1
3,4,-1,0,104.2,95.8,24,36,-12,12.5,8.3,26,29,-3,47.27,91.67,87.5,30,28,2,25,8,17
1,4,-3,1,94,108.8,27,32,-5,3.7,12.5,32,22,10,59.26,90.32,96.3,34,25,9,19,12,7
3,6,-3,1,93.5,109.3,28,30,-2,10.7,20,17,31,-14,35.42,82.76,89.29,28,23,5,22,16,6
4,1,3,1,111.4,88.6,26,25,1,15.4,4,30,25,5,54.55,96,84.62,21,20,1,22,11,11
4,6,-2,0,96,104,24,29,-5,16.7,20.7,33,33,0,50,79.31,83.33,19,20,-1,16,15,1
1,0,1,1,103.7,96.3,27,48,-21,3.7,0,12,24,-12,33.33,100,96.3,20,20,0,25,15,10
5,1,4,1,111.4,88.6,34,30,4,14.7,3.3,25,29,-4,46.3,96.67,85.29,12,11,1,16,11,5
3,7,-4,1,92.5,109.8,31,36,-5,9.7,19.4,34,34,0,50,82.86,90.32,20,14,6,12,15,-3
3,5,-2,0,103.4,99.6,17,29,-12,17.6,17.2,24,32,-8,42.86,85.71,82.35,20,11,9,21,18,3
4,3,1,0,102.5,97.5,31,42,-11,9.7,7.1,39,28,11,58.21,92.86,90.32,25,18,7,18,15,3
7,6,1,1,94.6,105.4,32,22,10,21.9,27.3,27,43,-16,38.57,72.73,78.13,21,26,-5,13,17,-4
1,2,-1,1,90.9,109.1,37,17,20,2.7,11.8,24,23,1,51.06,88.24,97.3,19,16,3,10,24,-14
1,5,-4,0,84.9,115.1,29,27,2,3.4,18.5,20,31,-11,39.22,81.48,96.55,34,19,15,17,8,9
4,8,-4,0,92.7,107.3,28,37,-9,14.3,21.6,26,34,-8,43.33,78.38,85.71,10,22,-12,14,12,2
1,2,-1,0,92.3,107.7,29,18,11,3.4,11.1,22,22,0,50,88.89,96.55,15,18,-3,7,20,-13
1,3,-2,1,97,106.2,24,29,-5,4.2,10.3,28,25,3,52.83,92.86,95.83,31,19,12,8,13,-5
2,3,-1,1,96.8,103.2,18,21,-3,11.1,14.3,26,36,-10,41.94,85.71,88.89,14,29,-15,17,19,-2
3,1,2,0,115.9,84.1,16,35,-19,18.8,2.9,23,30,-7,43.4,97.14,81.25,17,10,7,22,3,19
1,4,-3,0,85.5,119.1,32,18,14,3.1,22.2,30,24,6,55.56,82.35,96.88,26,23,3,8,11,-3
5,2,3,1,107.9,94.8,32,26,6,15.6,7.7,30,31,-1,49.18,92.31,87.1,23,20,3,11,19,-8
1,4,-3,1,94.1,108.5,34,35,-1,2.9,11.4,28,27,1,50.91,91.18,97.06,17,17,0,15,33,-18
1,4,-3,1,85.3,114.7,23,21,2,4.3,19,17,22,-5,43.59,80.95,95.65,31,25,6,17,17,0
0,1,-1,0,95.2,104.8,24,21,3,0,4.8,25,30,-5,45.45,95.24,100,26,18,8,21,9,12
1,2,-1,0,90.1,109.9,29,15,14,3.4,13.3,26,22,4,54.17,86.67,96.55,11,22,-11,8,23,-15
3,2,1,0,108.4,91.6,19,27,-8,15.8,7.4,26,19,7,57.78,92.59,84.21,23,15,8,12,13,-1
3,2,1,1,96.8,103.2,41,19,22,7.3,10.5,38,23,15,62.3,89.47,92.68,24,21,3,9,13,-4
5,3,2,1,102.7,99.9,34,25,9,14.7,12,31,19,12,62,88,87.88,26,24,2,22,16,6
6,3,3,0,105.7,97,30,21,9,20,14.3,24,29,-5,45.28,85.71,82.76,16,36,-20,14,17,-3
0,4,-4,0,88.2,111.8,34,34,0,0,11.8,39,17,22,69.64,88.24,100,20,33,-13,14,20,-6
4,7,-3,0,96.7,103.3,29,35,-6,13.8,17.1,25,33,-8,43.1,82.86,86.21,10,18,-8,14,7,7
2,1,1,1,102.1,97.9,31,23,8,6.5,4.3,32,35,-3,47.76,95.65,93.55,26,24,2,17,10,7
1,4,-3,1,89.3,110.7,19,25,-6,5.3,16,28,30,-2,48.28,84,94.74,19,14,5,21,7,14
0,5,-5,1,86.1,113.9,29,36,-7,0,13.9,41,28,13,59.42,86.11,100,21,39,-18,6,25,-19
2,1,1,1,108.6,91.4,17,32,-15,11.8,3.1,26,23,3,53.06,96.88,88.24,15,24,-9,21,10,11
6,4,2,1,112.3,91.1,23,29,-6,26.1,13.8,33,26,7,55.93,86.21,77.27,33,22,11,26,14,12
2,6,-4,0,86.1,113.9,33,30,3,6.1,20,26,22,4,54.17,80,93.94,27,20,7,9,15,-6
2,5,-3,1,96.9,105.4,27,39,-12,7.4,12.8,26,29,-3,47.27,89.47,92.59,31,20,11,8,11,-3
0,3,-3,0,94.3,108.3,25,36,-11,0,8.3,20,24,-4,45.45,94.29,100,19,29,-10,15,13,2
3,4,-1,0,94.9,105.1,31,27,4,9.7,14.8,34,19,15,64.15,85.19,90.32,25,23,2,8,16,-8
1,3,-2,1,93.6,110.5,32,22,10,3.1,13.6,33,17,16,66,90.48,96.88,24,19,5,7,10,-3
2,5,-3,0,90.4,109.6,43,35,8,4.7,14.3,28,32,-4,46.67,85.71,95.35,16,17,-1,12,25,-13
6,5,1,0,101.5,98.5,38,35,3,15.8,14.3,40,37,3,51.95,85.71,84.21,13,23,-10,16,14,2
7,5,2,1,96.2,105.8,41,24,17,17.1,20.8,31,33,-2,48.44,79.17,85,32,12,20,14,9,5
6,2,4,1,108.9,93.4,38,29,9,15.8,6.9,37,30,7,55.22,93.1,86.49,15,16,-1,8,15,-7
3,2,1,1,97.2,102.8,41,26,15,4.9,7.7,39,23,16,62.9,92.31,95.12,35,33,2,13,17,-4
5,3,2,1,108.1,95.5,23,22,1,21.7,13.6,29,24,5,54.72,86.36,81.82,18,18,0,14,19,-5
1,4,-3,1,83,122,33,16,17,3,25,26,25,1,50.98,80,96.97,18,12,6,15,27,-12
2,5,-3,0,96.8,109.5,28,30,-2,7.1,16.7,23,28,-5,45.1,89.66,92.86,17,17,0,7,24,-17
4,1,3,0,111.2,92,28,32,-4,14.3,3.1,32,36,-4,47.06,96.88,88.89,11,9,2,30,6,24
3,0,3,0,115.8,94.1,19,27,-8,15.8,0,27,27,0,50,100,94.12,21,51,-30,19,14,5
3,5,-2,0,93.4,106.6,46,38,8,6.5,13.2,28,36,-8,43.75,86.84,93.48,19,14,5,9,13,-4
0,3,-3,0,89.3,110.7,22,28,-6,0,10.7,24,30,-6,44.44,89.29,100,28,17,11,15,21,-6
4,7,-3,0,92.6,110,30,30,0,13.3,23.3,30,33,-3,47.62,79.31,86.67,27,26,1,7,19,-12
5,2,3,1,112.6,90.7,25,27,-2,20,7.4,28,27,1,50.91,92.59,83.33,25,29,-4,15,10,5
3,2,1,1,103.2,96.8,26,24,2,11.5,8.3,24,22,2,52.17,91.67,88.46,24,12,12,9,9,0
4,5,-1,1,90.4,109.6,26,20,6,15.4,25,23,27,-4,46,75,84.62,24,15,9,11,16,-5
2,0,2,1,106.3,93.8,32,25,7,6.3,0,27,30,-3,47.37,100,93.75,27,35,-8,29,14,15
2,5,-3,0,95.5,110,39,33,6,5.1,15.2,37,26,11,58.73,90.32,94.87,16,23,-7,12,16,-4
4,1,3,0,112.6,90.8,26,36,-10,15.4,2.8,22,35,-13,38.6,97.22,88,20,18,2,18,9,9
3,4,-1,1,100.7,99.3,20,28,-8,15,14.3,30,23,7,56.6,85.71,85,28,21,7,13,21,-8
1,3,-2,0,92.7,107.3,37,30,7,2.7,10,32,41,-9,43.84,90,97.3,25,24,1,17,16,1
0,3,-3,0,93.1,110,29,30,-1,0,10,22,28,-6,44,93.1,100,19,26,-7,11,23,-12
2,3,-1,0,97.6,102.4,24,28,-4,8.3,10.7,33,23,10,58.93,89.29,91.67,15,32,-17,13,18,-5
2,3,-1,0,96.7,103.3,27,28,-1,7.4,10.7,23,21,2,52.27,89.29,92.59,30,22,8,8,21,-13
2,3,-1,1,95.7,104.3,31,28,3,6.5,10.7,31,30,1,50.82,89.29,93.55,39,28,11,20,12,8
2,3,-1,1,94.4,105.6,27,23,4,7.4,13,28,19,9,59.57,86.96,92.59,23,25,-2,11,32,-21
2,5,-3,0,100.2,101.8,22,46,-24,9.1,10.9,21,33,-12,38.89,91.11,90.91,30,32,-2,11,18,-7
4,1,3,1,106.9,95.6,36,24,12,11.1,4.2,26,24,2,52,95.83,91.43,29,18,11,10,15,-5
0,3,-3,0,94.4,108.1,24,37,-13,0,8.1,33,27,6,55,94.44,100,21,13,8,13,28,-15
5,3,2,0,111.6,92.1,22,27,-5,22.7,11.1,24,27,-3,47.06,88.89,80.95,25,26,-1,19,14,5
0,2,-2,0,96.9,106.1,29,33,-4,0,6.1,43,42,1,50.59,96.88,100,38,21,17,17,19,-2
2,3,-1,0,100.3,99.7,22,34,-12,9.1,8.8,30,27,3,52.63,91.18,90.91,19,15,4,7,12,-5
2,3,-1,0,97.3,102.7,30,32,-2,6.7,9.4,31,25,6,55.36,90.63,93.33,23,18,5,21,21,0
4,0,4,1,119,85,21,27,-6,19,0,27,21,6,56.25,100,85,35,18,17,12,9,3
2,6,-4,0,93.5,106.5,18,34,-16,11.1,17.6,38,26,12,59.38,82.35,88.89,39,21,18,13,10,3
2,3,-1,0,97.4,102.6,35,36,-1,5.7,8.3,33,30,3,52.38,91.67,94.29,34,34,0,20,19,1
0,3,-3,1,92.3,111.1,16,27,-11,0,11.1,25,30,-5,45.45,92.31,100,21,12,9,14,12,2
5,2,3,1,112.8,94,26,31,-5,19.2,6.5,32,31,1,50.79,93.55,87.5,23,26,-3,25,15,10
1,5,-4,1,86.5,113.5,27,29,-2,3.7,17.2,23,27,-4,46,82.76,96.3,30,20,10,11,19,-8
2,3,-1,0,94.3,105.7,37,27,10,5.4,11.1,32,32,0,50,88.89,94.59,33,13,20,21,13,8
4,3,1,1,101.4,98.6,33,28,5,12.1,10.7,29,28,1,50.88,89.29,87.88,39,25,14,14,15,-1
3,2,1,0,101.9,98.1,34,29,5,8.8,6.9,36,26,10,58.06,93.1,91.18,21,10,11,16,16,0
4,0,4,1,109.5,92.7,42,33,9,9.5,0,34,26,8,56.67,100,92.68,32,17,15,10,18,-8
2,5,-3,1,91.5,115.7,39,24,15,5.1,20.8,29,34,-5,46.03,86.36,94.87,27,25,2,12,16,-4
2,4,-2,1,98.8,103.7,27,36,-9,7.4,11.1,36,30,6,54.55,91.43,92.59,29,9,20,15,18,-3
3,7,-4,1,91.4,110.9,33,35,-2,9.1,20,37,26,11,58.73,82.35,90.91,29,23,6,8,19,-11
0,3,-3,0,90.5,113.6,42,22,20,0,13.6,36,30,6,54.55,90.48,100,19,22,-3,12,31,-19
3,4,-1,1,88.3,111.7,36,20,16,8.3,20,38,20,18,65.52,80,91.67,14,10,4,16,13,3
2,5,-3,1,91.3,111.9,30,27,3,6.7,18.5,26,23,3,53.06,84.62,93.33,18,17,1,12,16,-4
5,4,1,0,102.6,97.4,26,24,2,19.2,16.7,30,34,-4,46.88,83.33,80.77,20,29,-9,8,18,-10
0,1,-1,1,95.7,104.3,25,23,2,0,4.3,23,19,4,54.76,95.65,100,19,27,-8,9,22,-13
2,4,-2,1,98.4,109.5,28,24,4,7.1,16.7,28,24,4,53.85,91.3,92.86,20,19,1,4,13,-9
2,7,-5,1,81.5,118.5,21,25,-4,9.5,28,21,26,-5,44.68,72,90.48,27,15,12,12,14,-2
4,0,4,1,125,80,16,26,-10,25,0,22,22,0,50,100,80,21,24,-3,11,11,0
3,2,1,1,100.5,99.5,28,30,-2,7.1,6.7,25,28,-3,47.17,93.33,92.86,23,25,-2,13,18,-5
5,2,3,0,106.8,93.5,33,23,10,15.2,8.7,27,21,6,56.25,91.67,84.85,24,29,-5,9,19,-10
0,4,-4,0,78.9,121.1,24,19,5,0,21.1,24,24,0,50,78.95,100,31,22,9,10,10,0
5,3,2,0,111.3,92.5,21,24,-3,23.8,12.5,31,19,12,62,87.5,80,29,16,13,14,10,4
3,4,-1,1,101.3,98.7,25,28,-3,12,10.7,24,30,-6,44.44,89.29,88,16,22,-6,11,17,-6
2,3,-1,1,91.6,108.4,27,19,8,7.4,15.8,29,22,7,56.86,84.21,92.59,29,18,11,13,17,-4
3,5,-2,1,95.5,107.5,29,28,1,10.3,17.9,28,26,2,51.85,85.19,89.66,20,17,3,22,14,8
2,1,1,0,107.8,92.2,20,46,-26,10,2.2,29,34,-5,46.03,97.83,90,15,25,-10,22,14,8
3,7,-4,0,85,118.1,27,24,3,11.1,29.2,27,33,-6,45,73.91,88.89,23,22,1,8,16,-8
3,2,1,1,107.6,92.4,22,33,-11,13.6,6.1,27,28,-1,49.09,93.94,86.36,13,20,-7,11,16,-5
5,3,2,1,103.5,97.1,27,20,7,18.5,15,23,27,-4,46,85,82.14,16,27,-11,13,14,-1
3,1,2,0,108.9,95.1,23,24,-1,13,4.2,25,19,6,56.82,95.83,90.91,21,28,-7,14,15,-1
1,6,-5,1,87.2,112.8,23,35,-12,4.3,17.1,28,23,5,54.9,82.86,95.65,32,23,9,8,19,-11
3,4,-1,0,91.7,108.3,28,21,7,10.7,19,27,35,-8,43.55,80.95,89.29,37,12,25,12,7,5
0,2,-2,0,91.7,108.3,25,24,1,0,8.3,26,25,1,50.98,91.67,100,23,20,3,12,10,2
3,1,2,0,106.3,93.7,29,25,4,10.3,4,30,25,5,54.55,96,89.66,18,18,0,12,20,-8
1,5,-4,0,90.8,109.2,23,37,-14,4.3,13.5,34,36,-2,48.57,86.49,95.65,22,16,6,12,15,-3
5,0,5,0,113.9,86.1,36,29,7,13.9,0,28,41,-13,40.58,100,86.11,39,21,18,25,6,19
2,4,-2,1,94.1,109.3,33,26,7,6.1,15.4,33,29,4,53.23,88,93.94,30,13,17,13,21,-8
4,0,4,0,118.2,81.8,22,34,-12,18.2,0,23,36,-13,38.98,100,81.82,20,26,-6,14,12,2
1,3,-2,1,99.2,100.8,15,40,-25,6.7,7.5,29,27,2,51.79,92.5,93.33,22,10,12,13,7,6
3,2,1,0,102.1,97.9,21,27,-6,9.5,7.4,20,34,-14,37.04,92.59,90.48,21,19,2,10,21,-11
3,4,-1,0,100.7,99.3,24,34,-10,12.5,11.8,17,27,-10,38.64,88.24,87.5,35,25,10,12,20,-8
5,0,5,1,119.2,80.8,26,24,2,19.2,0,27,30,-3,47.37,100,80.77,22,11,11,14,22,-8
2,4,-2,0,94.1,109.3,33,26,7,6.1,15.4,19,31,-12,38,88,93.94,20,25,-5,12,26,-14
4,3,1,0,99.7,100.3,44,32,12,9.1,9.4,40,36,4,52.63,90.63,90.91,17,20,-3,22,32,-10
5,1,4,1,110.4,89.6,34,23,11,14.7,4.3,27,27,0,50,95.65,85.29,11,11,0,17,19,-2
1,2,-1,1,93.8,106.2,26,20,6,3.8,10,23,20,3,53.49,90,96.15,18,24,-6,11,14,-3
1,3,-2,1,95.9,109,13,18,-5,7.7,16.7,21,22,-1,48.84,88.24,92.31,18,10,8,25,33,-8
3,4,-1,0,102.7,97.3,24,41,-17,12.5,9.8,33,36,-3,47.83,90.24,87.5,14,25,-11,21,16,5
1,2,-1,1,100.1,99.9,27,28,-1,3.7,3.6,31,37,-6,45.59,96.43,96.3,30,42,-12,19,14,5
3,2,1,1,103.5,96.5,26,25,1,11.5,8,26,31,-5,45.61,92,88.46,27,14,13,19,13,6
2,3,-1,0,99.3,100.7,23,32,-9,8.7,9.4,17,30,-13,36.17,90.63,91.3,27,33,-6,15,20,-5
3,2,1,0,102,98,29,24,5,10.3,8.3,30,27,3,52.63,91.67,89.66,12,21,-9,14,13,1
2,3,-1,0,94.2,105.8,30,24,6,6.7,12.5,36,27,9,57.14,87.5,93.33,21,16,5,12,16,-4
0,3,-3,0,91.3,112.5,33,24,9,0,12.5,35,21,14,62.5,91.3,100,23,15,8,14,20,-6
2,3,-1,0,94.3,105.7,34,26,8,5.9,11.5,37,31,6,54.41,88.46,94.12,25,18,7,10,21,-11
2,5,-3,0,98.7,103.5,23,41,-18,8.7,12.2,23,36,-13,38.98,90,91.3,41,41,0,13,11,2
4,2,2,1,110.9,89.1,23,31,-8,17.4,6.5,30,21,9,58.82,93.55,82.61,20,24,-4,15,11,4
5,0,5,1,116.7,83.3,30,12,18,16.7,0,18,22,-4,45,100,83.33,16,26,-10,13,8,5
3,0,3,1,111.1,92.3,27,12,15,11.1,0,27,25,2,51.92,100,92.31,22,9,13,15,12,3
2,4,-2,0,89,115.2,42,20,22,4.8,20,29,30,-1,49.15,84.21,95.24,19,15,4,8,24,-16
4,1,3,0,109.3,93.9,28,20,8,14.3,5,40,25,15,61.54,95,88.89,26,32,-6,8,12,-4
4,1,3,1,110.8,89.2,24,17,7,16.7,5.9,31,16,15,65.96,94.12,83.33,25,19,6,15,20,-5
3,1,2,1,104.4,95.6,26,14,12,11.5,7.1,22,28,-6,44,92.86,88.46,27,18,9,16,20,-4
1,2,-1,1,90.8,109.2,39,17,22,2.6,11.8,30,29,1,50.85,88.24,97.44,18,22,-4,13,20,-7
0,4,-4,1,87,116.7,25,24,1,0,16.7,24,30,-6,44.44,86.96,100,19,12,7,12,19,-7
3,2,1,1,97.8,102.2,36,19,17,8.3,10.5,25,26,-1,49.02,89.47,91.67,28,24,4,14,24,-10
5,1,4,0,115.3,84.7,28,39,-11,17.9,2.6,25,36,-11,40.98,97.44,82.14,24,25,-1,27,14,13
5,6,-1,1,99.8,100.2,27,32,-5,18.5,18.8,32,34,-2,48.48,81.25,81.48,25,5,20,11,11,0
5,4,1,0,103,97,29,28,1,17.2,14.3,29,33,-4,46.77,85.71,82.76,30,19,11,13,26,-13
0,3,-3,1,85,115,32,20,12,0,15,22,28,-6,44,85,100,21,13,8,10,24,-14
5,2,3,1,101.8,100.2,46,22,24,10.9,9.1,33,21,12,61.11,90.91,91.11,32,30,2,18,11,7
3,2,1,0,105.1,98.9,33,25,8,9.1,8,29,24,5,54.72,96,90.91,14,18,-4,28,17,11
4,2,2,1,110,90,21,22,-1,19,9.1,24,26,-2,48,90.91,80.95,25,12,13,25,11,14
0,4,-4,0,88.5,115.4,29,26,3,0,15.4,32,32,0,50,88.46,100,23,15,8,11,19,-8
6,2,4,0,113.3,89.6,29,27,2,20.7,7.4,33,21,12,61.11,92.59,82.14,29,45,-16,13,10,3
4,1,3,0,113.8,89.8,24,35,-11,16.7,2.9,23,35,-12,39.66,97.14,86.96,25,36,-11,21,9,12
0,1,-1,1,96.3,103.7,44,27,17,0,3.7,30,21,9,58.82,96.3,100,18,19,-1,14,25,-11
4,3,1,0,98.5,101.5,33,22,11,12.1,13.6,24,30,-6,44.44,86.36,87.88,24,34,-10,10,13,-3
5,3,2,1,106,97.1,27,24,3,18.5,12.5,27,24,3,52.94,87.5,84.62,22,25,-3,14,13,1
3,0,3,0,118.8,81.3,16,31,-15,18.8,0,24,23,1,51.06,100,81.25,23,5,18,14,9,5
0,3,-3,0,93.5,109.4,22,32,-10,0,9.4,32,34,-2,48.48,93.55,100,22,30,-8,15,18,-3
6,0,6,0,127.3,72.7,22,20,2,27.3,0,28,29,-1,49.12,100,72.73,20,43,-23,15,14,1
6,2,4,1,110,90,34,26,8,17.6,7.7,39,24,15,61.9,92.31,82.35,24,20,4,10,13,-3
3,4,-1,1,95,105,36,30,6,8.3,13.3,21,35,-14,37.5,86.67,91.67,27,32,-5,11,15,-4
3,5,-2,0,86.4,117.5,40,20,20,7.5,25,28,28,0,50,78.95,92.5,37,24,13,14,16,-2
5,8,-3,1,92.7,107.3,35,37,-2,14.3,21.6,38,37,1,50.67,78.38,85.71,23,13,10,9,20,-11
5,6,-1,1,99.9,100.1,31,37,-6,16.1,16.2,34,25,9,57.63,83.78,83.87,31,37,-6,15,15,0
3,1,2,0,105.3,94.7,35,31,4,8.6,3.2,23,25,-2,47.92,96.77,91.43,22,27,-5,11,18,-7
2,4,-2,0,97.7,105.2,26,31,-5,7.7,12.9,24,30,-6,44.44,90,92.31,26,20,6,25,16,9
3,0,3,1,109.4,90.6,32,20,12,9.4,0,19,25,-6,43.18,100,90.63,29,8,21,9,21,-12
5,3,2,0,105.8,96.9,33,32,1,15.2,9.4,32,23,9,58.18,90.63,87.5,19,21,-2,15,18,-3
2,4,-2,1,90.5,109.5,23,22,1,8.7,18.2,28,26,2,51.85,81.82,91.3,31,11,20,11,27,-16
3,1,2,1,102.8,97.4,36,18,18,8.3,5.6,33,18,15,64.71,94.44,91.89,13,25,-12,22,10,12
4,1,3,0,114.2,89.6,23,31,-8,17.4,3.2,25,34,-9,42.37,96.77,86.36,25,25,0,17,15,2
1,6,-5,0,79.6,120.4,37,26,11,2.7,23.1,28,21,7,57.14,76.92,97.3,8,9,-1,18,15,3
1,3,-2,1,97.3,105.3,33,36,-3,3,8.3,36,29,7,55.38,94.29,96.97,8,13,-5,17,19,-2
1,0,1,0,104.3,95.7,23,25,-2,4.3,0,19,23,-4,45.24,100,95.65,27,19,8,22,9,13
3,4,-1,0,93.9,106.1,40,22,18,7.5,13.6,32,24,8,57.14,86.36,92.5,19,16,3,13,18,-5
2,9,-7,1,76.2,123.8,46,32,14,4.3,28.1,40,24,16,62.5,71.88,95.65,23,14,9,16,16,0
6,7,-1,0,105.4,94.6,22,32,-10,27.3,21.9,43,27,16,61.43,78.13,72.73,26,21,5,17,13,4
4,1,3,1,114.7,85.3,22,29,-7,18.2,3.4,37,27,10,57.81,96.55,81.82,26,20,6,18,22,-4
3,1,2,1,107.5,92.5,27,28,-1,11.1,3.6,27,23,4,54,96.43,88.89,14,21,-7,18,26,-8
1,4,-3,1,90.4,113.2,29,24,5,3.4,16.7,29,23,6,55.77,86.96,96.55,25,14,11,13,21,-8
4,6,-2,0,92.9,107.1,31,30,1,12.9,20,35,26,9,57.38,80,87.1,23,8,15,9,11,-2
3,5,-2,0,90.5,112.9,38,24,14,7.9,20.8,35,27,8,56.45,82.61,92.11,30,14,16,12,12,0
2,5,-3,1,90.5,112.9,28,25,3,7.1,20,30,25,5,54.55,83.33,92.86,28,21,7,18,12,6
3,4,-1,1,99.1,100.9,33,30,3,9.1,10,27,33,-6,45,90,90.91,19,34,-15,18,17,1
3,4,-1,1,98.9,101.1,29,35,-6,10.3,11.4,40,21,19,65.57,88.57,89.66,19,19,0,16,13,3
4,3,1,1,108.7,91.3,25,41,-16,16,7.3,32,39,-7,45.07,92.68,84,19,21,-2,19,28,-9
4,2,2,0,101,101.4,38,21,17,10.5,9.5,25,30,-5,45.45,90.48,91.89,19,18,1,23,15,8
4,2,2,1,103.4,99.2,34,24,10,11.8,8.3,21,25,-4,45.65,91.67,90.91,22,27,-5,14,16,-2
1,2,-1,1,98.3,101.7,25,35,-10,4,5.7,30,16,14,65.22,94.29,96,21,10,11,22,10,12
1,4,-3,0,93.3,109.6,34,32,2,2.9,12.5,38,16,22,70.37,90.32,97.06,25,19,6,11,20,-9
1,4,-3,0,92,111.2,32,28,4,3.1,14.3,26,36,-10,41.94,88.89,96.88,22,24,-2,17,18,-1
4,2,2,0,109.3,90.7,28,40,-12,14.3,5,32,29,3,52.46,95,85.71,14,26,-12,14,17,-3
3,2,1,1,103.2,96.8,29,28,1,10.3,7.1,28,29,-1,49.12,92.86,89.66,34,16,18,26,8,18
0,4,-4,0,88.5,114.8,21,27,-6,0,14.8,24,26,-2,48,88.46,100,17,24,-7,12,22,-10
7,4,3,1,103.3,96.7,35,29,6,17.1,13.8,33,25,8,56.9,86.21,82.86,18,10,8,7,14,-7
2,1,1,0,107.4,92.6,20,39,-19,10,2.6,29,27,2,51.79,97.44,90,20,33,-13,25,18,7
1,5,-4,1,74.9,125.1,37,18,19,2.7,27.8,27,27,0,50,72.22,97.3,33,47,-14,12,19,-7
3,4,-1,1,94.3,105.7,37,29,8,8.1,13.8,32,33,-1,49.23,86.21,91.89,28,10,18,16,12,4
3,6,-3,0,96.1,109.6,35,33,2,8.6,18.2,32,22,10,59.26,87.5,91.43,17,13,4,21,12,9
3,4,-1,0,93.8,106.2,35,27,8,8.6,14.8,28,22,6,56,85.19,91.43,14,19,-5,15,18,-3
2,1,1,1,111.3,88.7,14,34,-20,14.3,2.9,27,28,-1,49.09,97.06,85.71,26,21,5,11,13,-2
3,6,-3,0,93.2,109.4,34,33,1,8.8,18.2,41,21,20,66.13,84.38,91.18,12,28,-16,16,12,4
3,2,1,0,101.9,98.1,36,31,5,8.3,6.5,27,29,-2,48.21,93.55,91.67,25,25,0,20,13,7
3,0,3,0,110.7,89.3,28,23,5,10.7,0,34,33,1,50.75,100,89.29,18,20,-2,25,9,16
5,2,3,1,111.6,91.4,28,32,-4,17.9,6.3,24,28,-4,46.15,93.75,85.19,33,24,9,27,14,13
3,2,1,1,103.7,96.3,27,27,0,11.1,7.4,45,24,21,65.22,92.59,88.89,38,19,19,14,17,-3
3,1,2,1,107.8,92.2,27,30,-3,11.1,3.3,32,20,12,61.54,96.67,88.89,34,25,9,19,11,8
3,1,2,1,108.2,91.8,25,26,-1,12,3.8,34,16,18,68,96.15,88,40,27,13,14,25,-11
4,1,3,1,107.6,92.4,31,19,12,12.9,5.3,26,25,1,50.98,94.74,87.1,37,40,-3,20,16,4
3,5,-2,1,93,110.5,29,24,5,10.3,20.8,27,30,-3,47.37,82.61,89.66,15,28,-13,13,23,-10
0,2,-2,1,96.2,107.4,24,27,-3,0,7.4,37,24,13,60.66,96.15,100,22,26,-4,15,24,-9
2,1,1,0,101.7,98.3,32,22,10,6.3,4.5,29,30,-1,49.15,95.45,93.75,25,23,2,24,22,2
4,0,4,0,119,85,21,30,-9,19,0,28,16,12,63.64,100,85,19,12,7,21,8,13
5,4,1,0,100.2,99.8,37,30,7,13.5,13.3,29,27,2,51.79,86.67,86.49,14,31,-17,19,22,-3
1,2,-1,1,96.6,103.4,33,31,2,3,6.5,23,30,-7,43.4,93.55,96.97,19,26,-7,14,16,-2
1,3,-2,0,94.9,108.8,31,25,6,3.2,12,29,25,4,53.7,91.67,96.77,20,22,-2,17,15,2
2,3,-1,0,99.1,100.9,31,41,-10,6.5,7.3,34,33,1,50.75,92.68,93.55,12,12,0,15,21,-6
6,3,3,1,105.6,99.9,34,25,9,17.6,12,34,28,6,54.84,88,87.88,19,27,-8,7,15,-8
1,7,-6,1,78.6,124.4,28,25,3,3.6,28,37,27,10,57.81,75,96.43,19,17,2,9,30,-21
6,3,3,0,107.3,95.2,34,29,5,17.6,10.3,33,18,15,64.71,89.66,84.85,11,36,-25,13,15,-2
0,4,-4,0,86.2,113.8,32,29,3,0,13.8,28,24,4,53.85,86.21,100,18,13,5,16,15,1
3,5,-2,0,90.9,112.6,33,23,10,9.1,21.7,28,22,6,56,81.82,90.91,27,22,5,10,10,0
5,4,1,1,110.5,89.5,21,30,-9,23.8,13.3,40,15,25,72.73,86.67,76.19,22,15,7,19,15,4
1,3,-2,1,98.1,105,20,30,-10,5,10,18,20,-2,47.37,93.1,95,16,14,2,9,12,-3
4,2,2,0,124.3,81.5,13,31,-18,30.8,6.5,19,32,-13,37.25,93.55,75,25,16,9,21,10,11
4,3,1,1,106.3,93.7,25,31,-6,16,9.7,26,32,-6,44.83,90.32,84,25,17,8,32,8,24
2,5,-3,1,90.2,113.1,29,25,4,6.9,20,32,21,11,60.38,83.33,93.1,24,23,1,14,19,-5
1,2,-1,0,95.8,104.2,31,27,4,3.2,7.4,19,24,-5,44.19,92.59,96.77,32,37,-5,9,19,-10
3,0,3,1,115,89.5,20,29,-9,15,0,32,24,8,57.14,100,89.47,30,16,14,16,13,3
4,5,-1,0,97.4,102.6,24,26,-2,16.7,19.2,38,28,10,57.58,80.77,83.33,21,21,0,19,13,6
3,6,-3,1,87.5,116.1,24,21,3,12.5,28.6,29,28,1,50.88,75,87.5,36,35,1,11,15,-4
2,4,-2,1,91.9,112.2,29,21,8,6.9,19,27,13,14,67.5,85,93.1,23,24,-1,14,11,3
3,1,2,1,105.7,97.3,31,25,6,9.7,4,34,19,15,64.15,96,93.33,29,24,5,20,6,14
1,2,-1,0,97.9,102.1,23,31,-8,4.3,6.5,26,23,3,53.06,93.55,95.65,25,29,-4,18,13,5
1,2,-1,0,100.2,99.8,29,31,-2,3.4,3.2,42,25,17,62.69,96.77,96.55,24,18,6,24,11,13
2,3,-1,0,97.2,102.8,24,27,-3,8.3,11.1,33,24,9,57.89,88.89,91.67,9,16,-7,16,8,8
5,2,3,0,107.9,94.8,32,26,6,15.6,7.7,32,22,10,59.26,92.31,87.1,14,26,-12,16,14,2
3,4,-1,0,104.1,95.9,22,42,-20,13.6,9.5,28,32,-4,46.67,90.48,86.36,15,7,8,18,14,4
3,4,-1,1,101.5,98.5,22,33,-11,13.6,12.1,30,24,6,55.56,87.88,86.36,34,24,10,13,10,3
4,2,2,0,109.3,94.2,25,30,-5,16,6.7,28,27,1,50.91,93.33,87.5,20,31,-11,22,15,7
4,3,1,1,103,97,26,35,-9,11.5,8.6,31,30,1,50.82,91.43,88.46,21,23,-2,14,10,4
2,5,-3,0,95.1,107.1,37,40,-3,5.4,12.5,35,26,9,57.38,89.74,94.59,17,19,-2,10,18,-8
4,3,1,0,102.5,97.5,36,35,1,11.1,8.6,31,26,5,54.39,91.43,88.89,18,18,0,23,9,14
0,2,-2,0,96,107.7,26,26,0,0,7.7,27,18,9,60,96,100,23,18,5,12,20,-8
1,3,-2,1,92.9,111.2,41,22,19,2.4,13.6,39,19,20,67.24,90.48,97.56,16,22,-6,14,25,-11
3,6,-3,1,92.9,110,28,29,-1,10.7,20.7,39,28,11,58.21,82.14,89.29,23,20,3,11,12,-1
4,3,1,0,105,95,30,36,-6,13.3,8.3,35,21,14,62.5,91.67,86.67,32,27,5,15,11,4
0,1,-1,1,90.9,109.1,30,11,19,0,9.1,33,30,3,52.38,90.91,100,13,10,3,9,15,-6
4,3,1,1,95.8,104.2,36,24,12,8.3,12.5,29,26,3,52.73,87.5,91.67,28,30,-2,8,25,-17
0,1,-1,0,96.7,103.3,34,30,4,0,3.3,24,21,3,53.33,96.67,100,23,30,-7,21,12,9
6,2,4,0,110.3,92,37,34,3,16.2,5.9,42,32,10,56.76,94.12,86.11,14,24,-10,21,14,7
0,3,-3,0,92.3,111.1,34,27,7,0,11.1,29,28,1,50.88,92.31,100,17,21,-4,13,14,-1
4,5,-1,1,95.6,104.4,27,26,1,14.8,19.2,33,36,-3,47.83,80.77,85.19,20,13,7,20,20,0
4,0,4,1,118.2,81.8,22,27,-5,18.2,0,30,24,6,55.56,100,81.82,10,2,8,14,10,4
5,3,2,0,110,90.3,25,29,-4,20,10.3,34,33,1,50.75,90,80,9,31,-22,16,17,-1
3,7,-4,0,90.4,115.3,31,28,3,9.7,25,28,28,0,50,80.77,90.32,23,16,7,10,13,-3
9,2,7,0,123.8,76.2,32,46,-14,28.1,4.3,24,40,-16,37.5,95.65,71.88,14,23,-9,16,16,0
5,8,-3,1,95.8,109.4,29,30,-1,17.2,26.7,36,31,5,53.73,78.57,82.76,22,29,-7,7,18,-11
1,5,-4,1,84.4,119.2,39,23,16,2.6,21.7,29,22,7,56.86,81.82,97.44,25,3,22,15,12,3
0,4,-4,0,80,125,26,16,10,0,25,22,22,0,50,80,100,24,21,3,11,11,0
5,4,1,1,96.2,103.8,39,24,15,12.8,16.7,36,18,18,66.67,83.33,87.18,24,17,7,13,11,2
6,1,5,0,113.6,86.4,33,22,11,18.2,4.5,36,17,19,67.92,95.45,81.82,20,14,6,20,18,2
4,5,-1,0,98.2,101.8,30,33,-3,13.3,15.2,38,25,13,60.32,84.85,86.67,22,18,4,10,13,-3
1,3,-2,0,98.1,104.7,23,33,-10,4.3,9.1,32,23,9,58.18,93.75,95.65,24,26,-2,8,18,-10
5,3,2,1,134,71.3,12,39,-27,41.7,7.7,24,31,-7,43.64,92.31,63.64,57,37,20,11,12,-1
3,4,-1,1,95.7,104.3,30,28,2,10,14.3,25,30,-5,45.45,85.71,90,33,27,6,10,20,-10
1,2,-1,1,102,98,13,35,-22,7.7,5.7,34,24,10,58.62,94.29,92.31,37,36,1,16,13,3
1,3,-2,1,91.5,108.5,22,23,-1,4.5,13,23,24,-1,48.94,86.96,95.45,18,17,1,16,19,-3
4,0,4,0,119,85,21,21,0,19,0,24,17,7,58.54,100,85,21,24,-3,17,13,4
3,2,1,0,102.5,97.5,31,28,3,9.7,7.1,35,26,9,57.38,92.86,90.32,34,20,14,12,14,-2
1,2,-1,0,96.2,103.8,22,24,-2,4.5,8.3,30,27,3,52.63,91.67,95.45,29,24,5,10,21,-11
3,7,-4,1,83.6,116.4,35,28,7,8.6,25,35,18,17,66.04,75,91.43,16,7,9,10,18,-8
3,4,-1,0,102.2,97.8,23,37,-14,13,10.8,26,27,-1,49.06,89.19,86.96,27,40,-13,21,11,10
2,3,-1,1,100.2,99.8,17,26,-9,11.8,11.5,34,25,9,57.63,88.46,88.24,36,22,14,14,19,-5
4,0,4,1,114.8,88.5,27,21,6,14.8,0,26,24,2,52,100,88.46,24,17,7,22,12,10
4,0,4,1,111.8,88.2,34,34,0,11.8,0,17,39,-22,30.36,100,88.24,33,20,13,20,14,6
2,3,-1,1,87,113,35,16,19,5.7,18.8,38,23,15,62.3,81.25,94.29,21,21,0,9,25,-16
5,1,4,0,125.1,74.9,18,37,-19,27.8,2.7,27,27,0,50,97.3,72.22,47,33,14,19,12,7
5,3,2,0,123.8,80.8,16,40,-24,31.3,7.5,21,28,-7,42.86,92.5,73.33,29,11,18,18,13,5
2,8,-6,0,82.9,117.1,28,33,-5,7.1,24.2,29,30,-1,49.15,75.76,92.86,28,29,-1,11,19,-8
4,3,1,0,98,102,40,25,15,10,12,30,20,10,60,88,90,24,18,6,17,16,1
2,3,-1,1,96.8,103.2,24,26,-2,8.3,11.5,24,20,4,54.55,88.46,91.67,24,20,4,15,22,-7
3,2,1,1,101.9,98.1,22,17,5,13.6,11.8,31,25,6,55.36,88.24,86.36,32,17,15,22,9,13
4,2,2,1,108.7,91.3,28,36,-8,14.3,5.6,34,26,8,56.67,94.44,85.71,38,22,16,15,11,4
3,6,-3,0,91.2,112,25,25,0,12,24,32,21,11,60.38,79.17,88,39,19,20,18,13,5
0,4,-4,1,84.6,115.4,22,26,-4,0,15.4,24,31,-7,43.64,84.62,100,21,11,10,7,15,-8
4,5,-1,1,88.1,111.9,37,22,15,10.8,22.7,29,22,7,56.86,77.27,89.19,16,16,0,20,17,3
6,1,5,1,113.3,89.1,37,34,3,16.2,2.9,30,27,3,52.63,97.06,86.11,12,12,0,18,16,2
5,0,5,1,117.2,82.8,29,20,9,17.2,0,29,24,5,54.72,100,82.76,19,23,-4,17,13,4
4,5,-1,0,100.8,99.2,28,37,-9,14.3,13.5,27,24,3,52.94,86.49,85.71,17,16,1,14,11,3
1,0,1,1,100,100,26,27,-1,0,0,26,17,9,60.47,100,100,18,9,9,12,16,-4
5,3,2,0,110.3,93,25,31,-6,20,9.7,31,36,-5,46.27,90.32,83.33,21,18,3,13,18,-5
2,3,-1,0,95.4,104.6,29,26,3,6.9,11.5,34,20,14,62.96,88.46,93.1,12,17,-5,22,10,12
2,1,1,0,104.4,95.6,26,30,-4,7.7,3.3,18,37,-19,32.73,96.67,92.31,14,21,-7,21,11,10
3,2,1,1,100.7,99.3,32,23,9,9.4,8.7,30,17,13,63.83,91.3,90.63,33,27,6,20,15,5
4,5,-1,1,102.6,97.4,26,39,-13,15.4,12.8,27,28,-1,49.09,87.18,84.62,25,12,13,19,15,4
6,2,4,0,110.2,89.8,34,27,7,17.6,7.4,36,27,9,57.14,92.59,82.35,21,17,4,11,8,3
4,7,-3,0,89.9,112.9,33,28,5,12.1,25,34,32,2,51.52,77.78,87.88,15,20,-5,13,22,-9
2,1,1,1,104.4,95.6,27,33,-6,7.4,3,30,32,-2,48.39,96.97,92.59,16,18,-2,24,17,7
3,5,-2,0,92.6,110.7,35,26,9,8.6,19.2,23,28,-5,45.1,84,91.43,22,23,-1,21,13,8
2,6,-4,0,80.5,119.5,44,25,19,4.5,24,40,37,3,51.95,76,95.45,23,13,10,12,18,-6
0,5,-5,0,83.3,116.7,12,30,-18,0,16.7,22,18,4,55,83.33,100,26,16,10,8,13,-5
1,3,-2,1,98.1,104.7,23,33,-10,4.3,9.1,26,28,-2,48.15,93.75,95.65,33,26,7,13,14,-1
3,1,2,0,107.6,95.5,30,42,-12,10,2.4,31,23,8,57.41,97.62,93.1,28,13,15,14,8,6
0,2,-2,0,93.8,106.3,25,32,-7,0,6.3,30,27,3,52.63,93.75,100,35,27,8,14,29,-15
2,3,-1,0,94.6,105.4,28,24,4,7.1,12.5,36,29,7,55.38,87.5,92.86,41,20,21,8,19,-11
1,5,-4,1,87.5,112.5,32,32,0,3.1,15.6,32,19,13,62.75,84.38,96.88,39,14,25,12,8,4
3,2,1,0,104.3,99,28,31,-3,10.7,6.5,37,32,5,53.62,93.55,92.59,33,19,14,20,18,2
1,2,-1,1,97.1,102.9,30,32,-2,3.3,6.3,22,13,9,62.86,93.75,96.67,25,14,11,14,17,-3
5,7,-2,1,84.9,118.3,37,22,15,13.5,31.8,40,24,16,62.5,71.43,86.49,16,20,-4,14,20,-6
4,2,2,1,103.4,96.6,32,22,10,12.5,9.1,33,18,15,64.71,90.91,87.5,19,14,5,14,12,2
1,5,-4,1,84.7,115.3,39,28,11,2.6,17.9,36,25,11,59.02,82.14,97.44,25,24,1,14,27,-13
4,3,1,1,103.6,96.4,28,28,0,14.3,10.7,37,29,8,56.06,89.29,85.71,22,23,-1,10,18,-8
1,3,-2,0,98.5,104.2,23,35,-12,4.3,8.6,26,28,-2,48.15,94.12,95.65,27,8,19,12,21,-9
3,4,-1,0,100.7,99.3,22,31,-9,13.6,12.9,29,21,8,58,87.1,86.36,28,17,11,20,8,12
2,5,-3,1,97.6,104.5,29,44,-15,6.9,11.4,23,18,5,56.1,90.7,93.1,23,24,-1,14,17,-3
2,6,-4,0,90.9,109.1,34,40,-6,5.9,15,22,28,-6,44,85,94.12,21,12,9,10,14,-4
2,3,-1,0,100.8,99.2,29,49,-20,6.9,6.1,35,25,10,58.33,93.88,93.1,19,12,7,17,14,3
4,3,1,0,99.6,100.4,33,24,9,12.1,12.5,45,22,23,67.16,87.5,87.88,16,24,-8,14,13,1
2,0,2,0,108.7,91.3,23,24,-1,8.7,0,27,22,5,55.1,100,91.3,41,19,22,21,17,4
3,2,1,1,101.2,98.8,35,27,8,8.6,7.4,22,22,0,50,92.59,91.43,34,31,3,14,14,0
3,6,-3,1,92.7,109.8,36,33,3,8.3,18.2,33,18,15,64.71,84.38,91.67,21,13,8,12,12,0
4,0,4,0,116.7,87,24,37,-13,16.7,0,26,32,-6,44.83,100,86.96,25,5,20,22,14,8
1,6,-5,1,76.6,123.4,26,22,4,3.8,27.3,26,28,-2,48.15,72.73,96.15,34,17,17,10,21,-11
5,2,3,1,107.1,95.1,40,37,3,12.5,5.4,26,35,-9,42.62,94.59,89.74,19,17,2,18,10,8
2,1,1,1,108.7,91.3,18,41,-23,11.1,2.4,32,27,5,54.24,97.56,88.89,28,28,0,23,8,15
3,5,-2,0,106.9,95.1,19,46,-27,15.8,10.9,21,34,-13,38.18,91.11,84.21,22,17,5,13,10,3
2,1,1,1,103.2,96.8,32,33,-1,6.3,3,28,28,0,50,96.97,93.75,26,19,7,15,18,-3
1,3,-2,1,93.7,106.3,25,29,-4,4,10.3,31,20,11,60.78,89.66,96,29,32,-3,13,13,0
7,2,5,0,106.9,93.1,45,23,22,15.6,8.7,24,27,-3,47.06,91.3,84.44,18,21,-3,15,16,-1
4,1,3,0,110.9,95.4,29,35,-6,13.8,2.9,24,27,-3,47.06,97.14,92.59,19,20,-1,22,11,11
5,2,3,0,108.3,91.7,34,31,3,14.7,6.5,36,29,7,55.38,93.55,85.29,14,20,-6,11,16,-5
4,1,3,1,111.2,92,28,32,-4,14.3,3.1,39,28,11,58.21,96.88,88.89,20,19,1,10,17,-7
5,6,-1,1,91.6,108.4,34,26,8,14.7,23.1,37,28,9,56.92,76.92,85.29,18,12,6,13,15,-2
6,0,6,0,115,85,40,31,9,15,0,31,28,3,52.54,100,85,16,23,-7,20,10,10
7,5,2,1,106.7,93.3,32,33,-1,21.9,15.2,31,32,-1,49.21,84.85,78.13,22,17,5,14,14,0
3,4,-1,1,83.1,116.9,37,16,21,8.1,25,31,19,12,62,75,91.89,26,16,10,16,14,2
4,3,1,1,106.6,93.4,25,32,-7,16,9.4,28,24,4,53.85,90.63,84,29,28,1,14,23,-9
5,2,3,1,105.6,97,34,22,12,14.7,9.1,33,32,1,50.77,90.91,87.88,18,21,-3,14,7,7
2,5,-3,0,91.4,108.6,35,35,0,5.7,14.3,22,32,-10,40.74,85.71,94.29,27,23,4,23,20,3
4,0,4,1,113.3,89.7,30,29,1,13.3,0,30,23,7,56.6,100,89.66,24,27,-3,16,12,4
3,0,3,1,113.6,90.5,22,39,-17,13.6,0,30,21,9,58.82,100,90.48,31,55,-24,20,9,11
2,1,1,1,107.4,92.6,19,32,-13,10.5,3.1,28,21,7,57.14,96.88,89.47,27,14,13,21,14,7
2,5,-3,1,86.7,117,35,22,13,5.7,22.7,34,22,12,60.71,80.95,94.29,25,13,12,8,27,-19
0,1,-1,0,97.1,102.9,31,35,-4,0,2.9,26,37,-11,41.27,97.14,100,32,32,0,21,12,9
3,2,1,1,104.4,95.6,27,30,-3,11.1,6.7,40,25,15,61.54,93.33,88.89,23,22,1,18,16,2
4,3,1,0,103.7,96.3,32,34,-2,12.5,8.8,31,27,4,53.45,91.18,87.5,27,23,4,13,11,2
2,3,-1,0,93.8,106.3,32,24,8,6.3,12.5,39,16,23,70.91,87.5,93.75,25,16,9,13,18,-5
3,2,1,0,108.4,91.6,19,27,-8,15.8,7.4,22,29,-7,43.14,92.59,84.21,18,29,-11,17,13,4
1,5,-4,1,91.1,108.9,16,33,-17,6.3,15.2,22,28,-6,44,84.85,93.75,35,17,18,19,20,-1
3,6,-3,0,99.1,106.2,25,33,-8,12,18.2,37,23,14,61.67,87.1,88,17,29,-12,12,10,2
4,2,2,0,107.3,96.2,25,23,2,16,8.7,27,31,-4,46.55,91.3,87.5,24,40,-16,18,13,5
6,3,3,1,106.8,95.9,32,25,7,18.8,12,33,29,4,53.23,88,83.87,23,34,-11,15,11,4
5,2,3,0,111.7,91.7,24,22,2,20.8,9.1,29,27,2,51.79,90.91,82.61,29,24,5,22,11,11
2,1,1,1,106.7,93.3,23,49,-26,8.7,2,37,22,15,62.71,97.96,91.3,43,31,12,12,21,-9
4,3,1,1,97.8,102.2,37,23,14,10.8,13,27,26,1,50.94,86.96,89.19,40,27,13,11,21,-10
4,3,1,0,100.4,99.6,26,20,6,15.4,15,26,19,7,57.78,85,84.62,17,19,-2,13,10,3
4,5,-1,0,101.1,98.9,37,41,-4,10.8,9.8,40,30,10,57.14,90.24,89.19,21,10,11,14,27,-13
5,3,2,1,107.5,95.2,32,37,-5,15.6,8.1,24,35,-11,40.68,91.89,87.1,20,21,-1,16,17,-1
1,4,-3,1,98.9,106.1,24,39,-15,4.2,10.3,36,24,12,60,94.74,95.83,29,19,10,14,14,0
2,5,-3,1,87.4,112.6,27,25,2,7.4,20,46,23,23,66.67,80,92.59,40,39,1,17,11,6
1,5,-4,0,95.2,106.7,27,48,-21,3.7,10.4,26,29,-3,47.27,91.49,96.3,21,30,-9,14,8,6
1,5,-4,0,90.2,112.6,28,31,-3,3.6,16.1,33,31,2,51.56,86.67,96.43,24,16,8,18,18,0
3,4,-1,0,102.6,99.8,28,38,-10,10.7,10.5,36,22,14,62.07,91.89,89.29,13,17,-4,16,10,6
5,2,3,0,105.4,96.9,39,27,12,12.8,7.4,29,26,3,52.73,92.59,89.47,20,31,-11,11,8,3
6,0,6,1,111.5,88.5,52,16,36,11.5,0,41,17,24,70.69,100,88.46,19,26,-7,15,15,0
5,4,1,1,103.3,96.7,34,35,-1,14.7,11.4,31,23,8,57.41,88.57,85.29,19,20,-1,14,5,9
3,1,2,1,108.3,91.7,27,35,-8,11.1,2.9,26,29,-3,47.27,97.14,88.89,18,18,0,19,8,11
2,1,1,1,105.2,94.8,23,29,-6,8.7,3.4,24,27,-3,47.06,96.55,91.3,24,19,5,16,13,3
0,2,-2,0,96,107.7,29,26,3,0,7.7,24,19,5,55.81,96,100,20,27,-7,24,20,4
0,5,-5,0,82.8,117.2,20,29,-9,0,17.2,24,29,-5,45.28,82.76,100,23,19,4,13,17,-4
2,1,1,0,106.2,93.8,20,26,-6,10,3.8,20,23,-3,46.51,96.15,90,24,18,6,14,11,3
6,5,1,1,93.5,106.5,44,28,16,11.4,17.9,37,33,4,52.86,82.14,88.64,28,29,-1,16,25,-9
0,1,-1,1,96.2,103.8,24,26,-2,0,3.8,19,21,-2,47.5,96.15,100,20,25,-5,12,18,-6
2,0,2,0,107.4,96.2,27,24,3,7.4,0,24,37,-13,39.34,100,96.15,26,22,4,24,15,9
3,2,1,1,103.4,96.6,27,26,1,11.1,7.7,39,28,11,58.21,92.31,88.89,24,9,15,10,13,-3
5,0,5,0,122.7,77.3,22,29,-7,22.7,0,22,23,-1,48.89,100,77.27,27,30,-3,15,11,4
0,4,-4,1,81,119,35,21,14,0,19,40,25,15,61.54,80.95,100,27,21,6,9,15,-6
2,3,-1,0,97,103,33,33,0,6.1,9.1,28,35,-7,44.44,90.91,93.94,28,18,10,15,18,-3
0,4,-4,0,84,116,20,25,-5,0,16,26,29,-3,47.27,84,100,27,16,11,16,13,3
2,4,-2,0,99.4,100.6,13,25,-12,15.4,16,28,42,-14,40,84,84.62,29,11,18,19,18,1
3,1,2,0,104.9,97.7,37,31,6,8.1,3.2,31,32,-1,49.21,96.77,94.44,18,26,-8,13,13,0
2,4,-2,0,88.3,111.7,35,23,12,5.7,17.4,28,18,10,60.87,82.61,94.29,21,15,6,13,18,-5
1,3,-2,0,90.5,109.5,21,21,0,4.8,14.3,29,19,10,60.42,85.71,95.24,16,11,5,6,24,-18
5,4,1,0,106.7,93.3,22,25,-3,22.7,16,31,21,10,59.62,84,77.27,13,28,-15,16,11,5
3,2,1,0,104.1,95.9,29,32,-3,10.3,6.3,33,28,5,54.1,93.75,89.66,27,30,-3,22,9,13
3,0,3,0,111.1,88.9,27,30,-3,11.1,0,26,22,4,54.17,100,88.89,18,31,-13,16,20,-4
3,2,1,1,102.3,97.7,31,27,4,9.7,7.4,23,27,-4,46,92.59,90.32,32,36,-4,17,11,6
3,0,3,0,113.6,90.5,22,32,-10,13.6,0,38,31,7,55.07,100,90.48,26,29,-3,16,8,8
5,1,4,1,111.6,88.4,34,32,2,14.7,3.1,35,19,16,64.81,96.88,85.29,23,37,-14,12,15,-3
2,4,-2,1,81.5,124.3,31,13,18,6.5,30.8,32,19,13,62.75,75,93.55,16,25,-9,10,21,-11
3,1,2,1,107.3,92.7,30,37,-7,10,2.7,41,32,9,56.16,97.3,90,24,25,-1,16,17,-1
2,1,1,1,101.3,98.8,32,20,12,6.3,5,34,31,3,52.31,95,93.75,14,15,-1,13,13,0
3,4,-1,0,100.9,99.1,31,34,-3,9.7,8.8,33,31,2,51.56,91.18,90.32,22,32,-10,19,17,2
2,5,-3,0,93.7,109.4,22,27,-5,9.1,18.5,23,31,-8,42.59,84.62,90.91,31,36,-5,14,20,-6
4,3,1,0,128.7,71.3,11,39,-28,36.4,7.7,27,22,5,55.1,92.31,63.64,30,29,1,24,6,18
4,3,1,1,102.2,97.8,30,27,3,13.3,11.1,39,30,9,56.52,88.89,86.67,27,14,13,20,23,-3
3,4,-1,1,91.3,108.7,29,21,8,10.3,19,36,19,17,65.45,80.95,89.66,36,37,-1,7,19,-12
2,3,-1,1,95.6,104.4,40,32,8,5,9.4,35,27,8,56.45,90.63,95,36,30,6,11,23,-12
2,5,-3,1,90.8,109.2,29,31,-2,6.9,16.1,31,29,2,51.67,83.87,93.1,35,17,18,13,19,-6
0,4,-4,0,88.9,114.3,24,28,-4,0,14.3,29,27,2,51.79,88.89,100,28,19,9,16,6,10
4,5,-1,1,84.5,115.5,37,19,18,10.8,26.3,35,22,13,61.4,73.68,89.19,23,20,3,14,30,-16
3,0,3,0,107.3,92.7,41,27,14,7.3,0,31,36,-5,46.27,100,92.68,25,25,0,16,14,2
3,2,1,0,96.3,103.7,34,16,18,8.8,12.5,27,24,3,52.94,87.5,91.18,35,42,-7,13,16,-3
2,4,-2,1,94.2,109.3,30,25,5,6.7,16,27,28,-1,49.09,87.5,93.33,31,20,11,15,22,-7
1,5,-4,0,87.9,112.1,38,34,4,2.6,14.7,35,27,8,56.45,85.29,97.37,35,37,-2,11,11,0
3,0,3,1,113,90.9,23,22,1,13,0,26,21,5,55.32,100,90.91,25,14,11,14,15,-1
1,2,-1,0,91.3,108.7,41,18,23,2.4,11.1,27,32,-5,45.76,88.89,97.56,28,28,0,8,23,-15
8,1,7,1,119.2,80.8,35,27,8,22.9,3.7,34,24,10,58.62,96.3,77.14,21,31,-10,18,13,5
4,5,-1,0,100.4,102.3,30,32,-2,13.3,15.6,30,24,6,55.56,87.1,86.67,38,20,18,23,8,15
4,6,-2,0,91.7,111.2,39,28,11,10.3,21.4,33,38,-5,46.48,81.48,89.74,28,32,-4,20,12,8
4,0,4,0,118.2,81.8,22,31,-9,18.2,0,24,35,-11,40.68,100,81.82,38,29,9,16,12,4
5,4,1,1,104.1,95.9,28,29,-1,17.9,13.8,31,36,-5,46.27,86.21,82.14,30,15,15,18,20,-2
1,3,-2,1,94.7,105.3,31,35,-4,3.2,8.6,25,23,2,52.08,91.43,96.77,27,22,5,18,11,7
8,7,1,1,92.6,107.4,41,26,15,19.5,26.9,30,38,-8,44.12,73.08,80.49,26,22,4,10,22,-12
1,4,-3,0,88.6,111.4,25,26,-1,4,15.4,25,30,-5,45.45,84.62,96,20,21,-1,11,22,-11
3,1,2,1,106.6,96.5,31,32,-1,9.7,3.1,32,25,7,56.14,96.88,93.33,27,20,7,30,9,21
4,5,-1,0,103.3,99.5,24,31,-7,16.7,16.1,27,28,-1,49.09,86.67,83.33,10,14,-4,17,14,3
0,3,-3,1,91.2,108.8,29,34,-5,0,8.8,30,33,-3,47.62,91.18,100,33,15,18,20,9,11
3,4,-1,0,93.4,106.6,32,25,7,9.4,16,24,28,-4,46.15,84,90.63,28,29,-1,23,14,9
4,3,1,1,106.1,93.9,22,40,-18,13.6,7.5,24,32,-8,42.86,92.5,86.36,16,19,-3,18,13,5
8,5,3,0,109.4,95.8,30,29,1,26.7,17.2,31,36,-5,46.27,82.76,78.57,29,22,7,18,7,11
2,3,-1,0,96.8,103.2,24,26,-2,8.3,11.5,24,22,2,52.17,88.46,91.67,24,40,-16,10,14,-4
2,1,1,1,107.7,92.3,18,29,-11,11.1,3.4,22,22,0,50,96.55,88.89,18,15,3,20,7,13
7,4,3,1,102.8,97.2,32,21,11,21.9,19,28,23,5,54.9,80.95,78.13,15,12,3,15,11,4
6,4,2,1,106.7,93.3,30,30,0,20,13.3,30,29,1,50.85,86.67,80,16,20,-4,17,11,6
2,7,-5,0,87.2,112.8,19,30,-11,10.5,23.3,20,30,-10,40,76.67,89.47,32,33,-1,9,14,-5
4,7,-3,0,89.7,110.3,29,29,0,13.8,24.1,39,28,11,58.21,75.86,86.21,24,17,7,18,13,5
2,3,-1,0,92.5,107.5,24,19,5,8.3,15.8,26,27,-1,49.06,84.21,91.67,19,16,3,20,16,4
2,3,-1,0,88.4,115.2,28,16,12,7.1,18.8,26,26,0,50,81.25,96.43,18,13,5,13,13,0
0,2,-2,0,95.5,108.7,21,23,-2,0,8.7,27,27,0,50,95.45,100,41,19,22,10,19,-9
0,5,-5,1,83.3,116.7,26,30,-4,0,16.7,22,24,-2,47.83,83.33,100,26,9,17,31,15,16
4,3,1,1,95.3,104.7,29,20,9,10.3,15,29,29,0,50,85,89.66,19,19,0,16,11,5
2,5,-3,1,91.7,111.7,22,24,-2,9.1,20.8,27,29,-2,48.21,82.61,90.91,24,29,-5,11,22,-11
1,3,-2,1,95.1,108.9,24,23,1,4.2,13,19,25,-6,43.18,90.91,95.83,28,21,7,15,14,1
1,4,-3,1,91.7,108.3,24,32,-8,4.2,12.5,22,25,-3,46.81,87.5,95.83,21,13,8,18,15,3
1,4,-3,1,89.7,110.3,22,27,-5,4.5,14.8,23,24,-1,48.94,85.19,95.45,29,6,23,11,22,-11
3,6,-3,1,95.2,107.3,29,34,-5,10.3,17.6,32,30,2,51.61,84.85,89.66,11,20,-9,15,19,-4
2,1,1,0,99.8,100.2,32,30,2,3.1,3.3,24,28,-4,46.15,96.67,96.88,28,29,-1,22,12,10
4,5,-1,0,90.8,109.2,37,25,12,10.8,20,24,32,-8,42.86,80,89.19,20,36,-16,15,10,5
6,1,5,1,111.6,88.4,38,24,14,15.8,4.2,25,30,-5,45.45,95.83,84.21,14,19,-5,15,9,6
6,3,3,1,102.1,100.5,32,18,14,18.8,16.7,23,20,3,53.49,83.33,83.87,18,18,0,12,7,5
3,2,1,1,108.9,91.1,20,33,-13,15,6.1,30,20,10,60,93.94,85,18,15,3,34,16,18
3,4,-1,1,91.4,108.6,22,18,4,13.6,22.2,27,20,7,57.45,77.78,86.36,25,9,16,10,13,-3
2,3,-1,0,102.9,97.1,20,42,-22,10,7.1,26,43,-17,37.68,92.86,90,24,29,-5,19,13,6
0,2,-2,0,93.8,106.3,24,32,-8,0,6.3,20,34,-14,37.04,93.75,100,22,15,7,18,12,6
0,3,-3,1,89.3,110.7,23,28,-5,0,10.7,33,34,-1,49.25,89.29,100,20,18,2,9,25,-16
0,5,-5,0,80.8,119.2,24,26,-2,0,19.2,30,27,3,52.63,80.77,100,11,22,-11,22,14,8
4,2,2,1,109.3,94.1,26,33,-7,15.4,6.1,31,19,12,62,93.94,88,25,20,5,26,12,14
1,3,-2,0,92.2,107.8,30,27,3,3.3,11.1,20,32,-12,38.46,88.89,96.67,25,34,-9,11,19,-8
1,6,-5,0,89.1,113.3,34,37,-3,2.9,16.2,27,30,-3,47.37,86.11,97.06,12,12,0,16,18,-2
2,1,1,1,104.1,95.9,26,28,-2,7.7,3.6,23,23,0,50,96.43,92.31,15,13,2,16,15,1
3,1,2,0,109,95.9,18,13,5,16.7,7.7,22,21,1,51.16,92.31,88.24,10,18,-8,33,25,8
5,3,2,0,110.5,93,24,29,-5,20.8,10.3,30,27,3,52.63,89.66,82.61,28,15,13,23,13,10
2,3,-1,0,100.9,99.1,25,28,-3,8,7.1,28,24,4,53.85,92.86,92,24,13,11,14,13,1
4,3,1,1,100.7,99.3,29,23,6,13.8,13,35,28,7,55.56,86.96,86.21,22,36,-14,27,10,17
6,0,6,1,120,80,30,22,8,20,0,30,33,-3,47.62,100,80,29,31,-2,12,19,-7
1,4,-3,1,89.9,113.8,28,23,5,3.6,17.4,31,26,5,54.39,86.36,96.43,21,5,16,20,15,5
2,3,-1,1,88.6,111.4,32,17,15,6.3,17.6,26,30,-4,46.43,82.35,93.75,15,31,-16,17,12,5
2,3,-1,0,94.3,105.8,32,25,7,6.3,12,18,37,-19,32.73,88,93.75,33,43,-10,12,17,-5
2,5,-3,0,92.6,110.5,25,27,-2,8,18.5,20,27,-7,42.55,84.62,92,17,22,-5,13,16,-3
4,0,4,0,111.8,88.2,34,22,12,11.8,0,24,28,-4,46.15,100,88.24,20,41,-21,20,11,9
4,5,-1,0,94,106,21,20,1,19,25,25,25,0,50,75,80.95,14,24,-10,20,12,8
3,1,2,0,109,94.7,25,33,-8,12,3,31,25,6,55.36,96.97,91.67,15,18,-3,16,16,0
3,7,-4,0,82.5,120.7,27,22,5,11.1,31.8,20,29,-9,40.82,71.43,88.89,26,21,5,8,11,-3
5,4,1,1,100.7,99.3,30,25,5,16.7,16,29,32,-3,47.54,84,83.33,14,19,-5,11,24,-13
3,7,-4,1,88.5,114.4,26,27,-1,11.5,25.9,33,29,4,53.23,76.92,88.46,14,13,1,18,17,1
4,6,-2,0,99.3,103.9,19,24,-5,21.1,25,27,20,7,57.45,78.26,78.95,18,15,3,19,11,8
1,4,-3,0,90.3,113.6,22,22,0,4.5,18.2,34,26,8,56.67,85.71,95.45,17,18,-1,11,16,-5
4,1,3,1,107.3,98,36,26,10,11.1,3.8,29,17,12,63.04,96.15,94.12,12,16,-4,19,12,7
5,3,2,0,103.3,96.7,25,18,7,20,16.7,16,29,-13,35.56,83.33,80,18,26,-8,16,17,-1
2,4,-2,1,92.3,107.7,24,25,-1,8.3,16,32,23,9,58.18,84,91.67,23,22,1,11,18,-7
3,4,-1,0,98.6,101.4,26,31,-5,11.5,12.9,35,33,2,51.47,87.1,88.46,18,33,-15,18,9,9
5,7,-2,1,92.5,110.3,34,28,6,14.7,25,31,32,-1,49.21,77.78,85.29,16,37,-21,21,13,8
3,2,1,0,102.3,97.7,31,27,4,9.7,7.4,31,21,10,59.62,92.59,90.32,12,27,-15,18,8,10
3,1,2,1,104.2,98.5,35,23,12,8.6,4.3,28,26,2,51.85,95.65,94.12,8,27,-19,21,12,9
3,2,1,0,105.6,94.4,23,27,-4,13,7.4,19,28,-9,40.43,92.59,86.96,25,23,2,32,11,21
4,5,-1,1,97.8,102.2,36,30,6,11.1,13.3,30,31,-1,49.18,86.67,88.89,14,28,-14,15,14,1
3,2,1,1,98.6,101.4,37,21,16,8.1,9.5,36,21,15,63.16,90.48,91.89,24,18,6,18,20,-2
1,4,-3,1,94.5,105.5,19,37,-18,5.3,10.8,23,29,-6,44.23,89.19,94.74,20,12,8,20,9,11
2,3,-1,1,97.3,102.7,26,29,-3,7.7,10.3,35,25,10,58.33,89.66,92.31,21,14,7,26,12,14
5,2,3,1,107.6,95.1,32,25,7,15.6,8,39,38,1,50.65,92,87.1,14,13,1,25,12,13
5,4,1,0,115.5,84.5,19,37,-18,26.3,10.8,22,35,-13,38.6,89.19,73.68,20,23,-3,30,14,16
4,3,1,1,97.3,102.7,43,31,12,7,9.7,31,31,0,50,90.32,93.02,23,21,2,10,19,-9
3,4,-1,0,98.4,101.6,37,31,6,8.1,9.7,27,34,-7,44.26,90.32,91.89,23,16,7,16,7,9
2,1,1,0,98.9,101.1,31,23,8,3.2,4.3,21,20,1,51.22,95.65,96.77,23,14,9,16,13,3
4,6,-2,0,110.3,92.1,16,35,-19,25,17.1,33,23,10,58.93,85.29,75,18,13,5,20,9,11
0,3,-3,1,93.3,109.7,20,31,-11,0,9.7,21,24,-3,46.67,93.33,100,30,22,8,19,18,1
2,1,1,1,104.8,95.2,21,21,0,9.5,4.8,23,20,3,53.49,95.24,90.48,10,24,-14,24,14,10
2,0,2,0,110.5,94.4,19,25,-6,10.5,0,31,20,11,60.78,100,94.44,28,23,5,28,11,17
3,4,-1,1,94.9,105.1,26,24,2,11.5,16.7,36,22,14,62.07,83.33,88.46,28,18,10,12,22,-10
7,5,2,1,111.2,92,23,26,-3,30.4,19.2,28,27,1,50.91,80.77,72.73,24,9,15,22,12,10
3,6,-3,0,93,113.7,29,25,4,10.3,24,42,26,16,61.76,82.61,89.66,32,16,16,11,20,-9
1,4,-3,1,91.8,108.2,18,29,-11,5.6,13.8,24,27,-3,47.06,86.21,94.44,23,20,3,12,16,-4
0,3,-3,1,90.6,109.4,26,32,-6,0,9.4,29,28,1,50.88,90.63,100,28,37,-9,12,10,2
4,6,-2,0,95.3,104.7,25,29,-4,16,20.7,31,26,5,54.39,79.31,84,27,21,6,21,19,2
3,4,-1,0,97.1,102.9,30,31,-1,10,12.9,27,39,-12,40.91,87.1,90,21,23,-2,21,9,12
3,6,-3,0,91.4,111.3,40,32,8,7.5,18.8,36,30,6,54.55,83.87,92.5,28,29,-1,17,15,2
3,2,1,0,98.8,101.2,31,26,5,6.5,7.7,27,37,-10,42.19,92.31,93.55,21,25,-4,20,12,8
5,2,3,1,103.2,96.8,38,20,18,13.2,10,29,29,0,50,90,86.84,24,16,8,8,20,-12
1,4,-3,1,94.5,108.3,24,32,-8,4.2,12.5,25,26,-1,49.02,90.32,95.83,27,15,12,11,9,2
4,2,2,0,109.5,98.4,24,28,-4,16.7,7.1,24,28,-4,46.15,92.86,91.3,19,20,-1,13,4,9
5,0,5,1,118.5,81.5,27,26,1,18.5,0,36,28,8,56.25,100,81.48,15,7,8,11,8,3
1,3,-2,0,96.8,106.2,29,31,-2,3.4,9.7,26,17,9,60.47,93.33,96.55,27,19,8,7,10,-3
5,3,2,0,100,102.2,40,24,16,12.5,12.5,38,26,12,59.38,87.5,89.74,17,8,9,11,20,-9
4,5,-1,0,88,112,28,19,9,14.3,26.3,21,36,-15,36.84,73.68,85.71,20,22,-2,11,13,-2
1,0,1,1,102.9,97.1,35,31,4,2.9,0,37,26,11,58.73,100,97.14,32,32,0,12,21,-9
3,7,-4,0,88.7,115.3,25,30,-5,12,23.3,37,27,10,57.81,76.67,92,28,15,13,8,14,-6
1,6,-5,0,84.4,115.6,15,27,-12,6.7,22.2,38,28,10,57.58,77.78,93.33,37,10,27,16,16,0
3,4,-1,0,101.4,98.6,27,31,-4,11.1,9.7,40,17,23,70.18,90.32,88.89,21,31,-10,18,9,9
6,3,3,1,111.3,91.2,34,47,-13,17.6,6.4,30,28,2,51.72,93.62,84.85,27,16,11,24,7,17
2,4,-2,1,101.4,101,21,38,-17,9.5,10.5,30,25,5,54.55,91.89,90.48,18,19,-1,15,23,-8
7,3,4,1,118.1,85,24,27,-3,29.2,11.1,33,27,6,55,88.89,73.91,22,23,-1,16,8,8
5,3,2,1,114.2,89.5,22,35,-13,22.7,8.6,33,23,10,58.93,91.43,80.95,26,21,5,24,9,15
3,2,1,1,112.2,87.8,17,37,-20,17.6,5.4,28,31,-3,47.46,94.59,82.35,16,10,6,22,9,13
3,1,2,0,110.3,93.8,22,30,-8,13.6,3.3,23,21,2,52.27,96.67,90.48,17,20,-3,24,20,4
0,4,-4,0,85.2,114.8,22,27,-5,0,14.8,24,19,5,55.81,85.19,100,26,15,11,9,13,-4
1,4,-3,0,94.3,113,33,25,8,3,16,30,23,7,56.6,91.3,96.97,8,12,-4,10,15,-5
5,6,-1,1,96.5,103.5,34,33,1,14.7,18.2,26,33,-7,44.07,81.82,85.29,13,23,-10,13,19,-6
2,3,-1,1,98.1,105.5,33,26,7,6.1,11.5,37,22,15,62.71,92,93.94,27,18,9,7,21,-14
5,4,1,1,109.2,90.8,25,37,-12,20,10.8,32,24,8,57.14,89.19,80,36,20,16,10,15,-5
1,6,-5,0,88.4,111.6,24,38,-14,4.2,15.8,30,25,5,54.55,84.21,95.83,19,14,5,9,15,-6
3,5,-2,1,80.8,123.8,40,16,24,7.5,31.3,28,21,7,57.14,73.33,92.5,11,29,-18,13,18,-5
3,8,-5,1,82.7,117.3,32,30,2,9.4,26.7,33,24,9,57.89,73.33,90.63,15,21,-6,17,23,-6
2,3,-1,0,91.1,108.9,33,20,13,6.1,15,20,30,-10,40,85,93.94,15,18,-3,16,34,-18
3,2,1,0,103.2,96.8,26,24,2,11.5,8.3,20,24,-4,45.45,91.67,88.46,20,24,-4,22,15,7
2,3,-1,1,97.9,102.1,27,21,6,7.4,9.5,34,20,14,62.96,90.48,92.59,19,21,-2,21,10,11
3,0,3,1,108.3,94.3,36,25,11,8.3,0,24,20,4,54.55,100,94.29,29,19,10,13,15,-2
3,2,1,0,103.4,96.6,29,29,0,10.3,6.9,38,29,9,56.72,93.1,89.66,35,24,11,19,20,-1
1,2,-1,0,96.2,103.8,30,28,2,3.3,7.1,40,30,10,57.14,92.86,96.67,24,14,10,10,24,-14
1,4,-3,0,87.4,112.6,29,25,4,3.4,16,17,21,-4,44.74,84,96.55,21,14,7,11,15,-4
1,5,-4,0,91,111.6,32,34,-2,3.1,14.7,35,26,9,57.38,87.88,96.88,12,20,-8,10,17,-7
5,1,4,0,111.8,91.3,32,26,6,15.6,3.8,31,27,4,53.45,96.15,87.5,7,18,-11,14,14,0
1,4,-3,0,95.6,107.2,19,32,-13,5.3,12.5,24,29,-5,45.28,90.32,94.74,17,27,-10,14,17,-3
5,2,3,0,117.5,82.5,18,42,-24,22.2,4.8,32,26,6,55.17,95.24,77.78,21,19,2,17,14,3
2,4,-2,1,88.4,116.2,33,18,15,6.1,22.2,33,19,14,63.46,82.35,93.94,20,28,-8,13,17,-4
2,5,-3,1,88.4,120.3,33,19,14,6.1,26.3,27,23,4,54,82.35,93.94,33,38,-5,11,15,-4
0,5,-5,1,77.3,122.7,29,22,7,0,22.7,23,22,1,51.11,77.27,100,30,27,3,11,15,-4
5,3,2,1,112.3,87.7,26,43,-17,19.2,7,26,32,-6,44.83,93.02,80.77,16,16,0,24,13,11
3,4,-1,1,102.7,97.3,23,29,-6,13,10.3,28,29,-1,49.12,89.66,86.96,16,10,6,11,23,-12
3,4,-1,0,102.9,97.1,19,31,-12,15.8,12.9,29,37,-8,43.94,87.1,84.21,22,17,5,22,11,11
2,3,-1,0,100.4,99.6,31,33,-2,6.5,6.1,28,30,-2,48.28,93.94,93.55,15,28,-13,10,12,-2
2,4,-2,0,95.5,108,25,25,0,8,16,21,27,-6,43.75,87.5,92,9,18,-9,13,18,-5
3,2,1,1,100.9,99.1,41,31,10,7.3,6.5,33,34,-1,49.25,93.55,92.68,12,12,0,21,15,6
3,6,-3,0,99.9,105.6,25,34,-9,12,17.6,28,34,-6,45.16,87.88,88,27,19,8,15,7,8
7,3,4,1,120.7,82.5,22,27,-5,31.8,11.1,29,20,9,59.18,88.89,71.43,21,26,-5,11,8,3
0,3,-3,0,92.3,111.1,12,27,-15,0,11.1,25,27,-2,48.08,92.31,100,9,22,-13,12,15,-3
5,4,1,0,109.6,90.4,20,26,-6,25,15.4,27,23,4,54,84.62,75,15,24,-9,16,11,5
3,2,1,1,103.2,96.8,31,31,0,9.7,6.5,27,32,-5,45.76,93.55,90.32,18,15,3,17,14,3
2,3,-1,0,97.7,102.3,27,31,-4,7.4,9.7,27,23,4,54,90.32,92.59,36,32,4,11,17,-6
9,2,7,0,118.6,81.4,33,23,10,27.3,8.7,26,25,1,50.98,91.3,72.73,11,26,-15,8,16,-8
2,6,-4,1,88.2,114.8,27,27,0,7.4,22.2,42,26,16,61.76,80.77,92.59,10,16,-6,16,15,1
5,2,3,1,109.8,96.3,29,27,2,17.2,7.4,33,18,15,64.71,92.59,88.89,17,18,-1,18,22,-4
2,4,-2,0,96.6,103.4,22,32,-10,9.1,12.5,18,33,-15,35.29,87.5,90.91,14,19,-5,12,14,-2
5,4,1,1,121.5,78.5,16,41,-25,31.3,9.8,34,36,-2,48.57,90.24,68.75,14,38,-24,21,11,10
6,2,4,1,107.7,92.3,43,32,11,14,6.3,35,30,5,53.85,93.75,86.05,12,16,-4,23,13,10
2,1,1,0,102.3,97.7,36,31,5,5.6,3.2,29,27,2,51.79,96.77,94.44,15,25,-10,15,12,3
5,4,1,1,107.9,92.1,23,29,-6,21.7,13.8,37,20,17,64.91,86.21,78.26,11,32,-21,22,10,12
1,6,-5,1,83.6,116.4,28,30,-2,3.6,20,31,28,3,52.54,80,96.43,42,31,11,8,15,-7
1,4,-3,1,95.2,107.8,18,30,-12,5.6,13.3,31,32,-1,49.21,89.66,94.44,29,11,18,14,14,0
2,3,-1,1,102,98,19,35,-16,10.5,8.6,20,29,-9,40.82,91.43,89.47,15,11,4,22,11,11
4,3,1,1,98,102,36,29,7,8.3,10.3,39,30,9,56.52,89.66,91.67,20,22,-2,16,26,-10
2,6,-4,0,95.5,106.7,23,39,-16,8.7,15.4,28,31,-3,47.46,86.84,91.3,18,26,-8,20,25,-5
2,3,-1,1,96.4,103.6,33,31,2,6.1,9.7,25,30,-5,45.45,90.32,93.94,18,15,3,17,24,-7
1,7,-6,1,87.3,112.7,21,40,-19,4.8,17.5,25,26,-1,49.02,82.5,95.24,16,12,4,16,8,8
4,2,2,0,106.6,96.2,32,34,-2,12.5,5.9,29,30,-1,49.15,94.12,90.32,19,20,-1,18,16,2
1,5,-4,0,75,126.6,36,17,19,2.8,29.4,27,30,-3,47.37,72.22,97.22,28,11,17,12,18,-6
3,4,-1,0,97,103,35,26,9,8.6,11.5,30,31,-1,49.18,88.46,91.43,23,21,2,10,14,-4
3,1,2,1,108.7,95.2,24,26,-2,12.5,3.8,28,21,7,57.14,96.15,91.3,19,28,-9,19,24,-5
2,1,1,1,100.1,99.9,45,23,22,4.4,4.3,31,26,5,54.39,95.65,95.56,17,27,-10,13,26,-13
3,5,-2,1,100.1,102.2,29,40,-11,10.3,12.5,35,25,10,58.33,89.74,89.66,15,15,0,11,16,-5
3,4,-1,0,100.7,99.3,24,34,-10,12.5,11.8,24,32,-8,42.86,88.24,87.5,16,24,-8,13,9,4
0,4,-4,0,92,108,27,50,-23,0,8,20,27,-7,42.55,92,100,21,11,10,20,17,3
3,4,-1,0,95.9,104.1,38,25,13,7.9,12,48,28,20,63.16,88,92.11,31,24,7,21,11,10
3,6,-3,0,93.3,109.1,42,37,5,7.1,16.2,34,28,6,54.84,86.11,92.86,18,21,-3,11,25,-14
1,4,-3,1,93.3,106.7,26,38,-12,3.8,10.5,30,27,3,52.63,89.47,96.15,27,15,12,21,13,8
6,5,1,1,98.8,101.2,43,33,10,14,15.2,41,25,16,62.12,84.85,86.05,18,21,-3,14,17,-3
6,3,3,0,109.3,93.5,30,28,2,20,10.7,31,17,14,64.58,89.29,82.76,23,28,-5,16,22,-6
2,4,-2,0,99.3,103.4,23,33,-10,8.7,12.1,22,25,-3,46.81,90.63,91.3,14,17,-3,10,17,-7
6,3,3,0,112.1,87.9,28,32,-4,21.4,9.4,37,32,5,53.62,90.63,78.57,20,19,1,16,12,4
0,6,-6,1,85,115,31,40,-9,0,15,28,31,-3,47.46,85,100,23,16,7,10,20,-10
0,3,-3,1,92.6,110.7,18,28,-10,0,10.7,27,13,14,67.5,92.59,100,14,10,4,11,25,-14
1,2,-1,0,100.8,99.2,16,37,-21,6.3,5.4,25,22,3,53.19,94.59,93.75,18,17,1,16,9,7
2,5,-3,0,92.9,110,30,30,0,6.7,16.7,34,30,4,53.13,86.21,93.33,21,34,-13,18,12,6
2,4,-2,0,99.2,103.4,24,34,-10,8.3,11.8,23,27,-4,46,90.91,91.67,13,22,-9,20,14,6
7,8,-1,0,104.4,95.6,31,44,-13,22.6,18.2,36,41,-5,46.75,81.82,77.42,27,24,3,24,14,10
2,3,-1,1,97.1,102.9,31,32,-1,6.5,9.4,31,30,1,50.82,90.63,93.55,21,33,-12,14,12,2
1,5,-4,1,81.4,118.6,24,22,2,4.2,22.7,24,29,-5,45.28,77.27,95.83,21,9,12,15,14,1
2,3,-1,1,99,101,29,38,-9,6.9,7.9,27,36,-9,42.86,92.11,93.1,15,17,-2,15,9,6
3,4,-1,0,101.6,98.4,31,37,-6,9.7,8.1,24,25,-1,48.98,91.89,90.32,16,24,-8,15,13,2
1,8,-7,0,82.1,117.9,23,36,-13,4.3,22.2,27,40,-13,40.3,77.78,95.65,16,18,-2,25,8,17
1,6,-5,1,86.4,113.6,22,33,-11,4.5,18.2,17,36,-19,32.08,81.82,95.45,14,20,-6,18,20,-2
6,5,1,1,100,100,35,35,0,14.3,14.3,24,33,-9,42.11,85.71,85.71,5,26,-21,21,17,4
3,1,2,1,109.9,94.3,21,23,-2,14.3,4.3,22,26,-4,45.83,95.65,90,13,19,-6,16,21,-5
1,3,-2,1,93.7,106.3,25,29,-4,4,10.3,21,31,-10,40.38,89.66,96,27,7,20,20,19,1
1,5,-4,1,87.1,112.9,20,28,-8,5,17.9,23,26,-3,46.94,82.14,95,22,13,9,15,4,11
4,2,2,1,108.3,95.2,25,26,-1,16,7.7,26,28,-2,48.15,92.31,87.5,21,24,-3,16,10,6
2,3,-1,1,91.6,108.4,27,19,8,7.4,15.8,19,26,-7,42.22,84.21,92.59,15,23,-8,13,12,1
2,4,-2,1,90.7,109.3,40,28,12,5,14.3,29,32,-3,47.54,85.71,95,26,14,12,17,14,3
3,7,-4,0,86.9,113.1,34,32,2,8.8,21.9,31,37,-6,45.59,78.13,91.18,20,11,9,13,9,4
6,2,4,0,112.3,90.6,28,22,6,21.4,9.1,31,33,-2,48.44,90.91,81.48,24,29,-5,21,14,7
3,2,1,0,101.7,98.3,22,27,-5,9.1,7.4,19,43,-24,30.65,92.59,90.91,31,22,9,31,10,21
3,5,-2,0,95.2,107.5,37,32,5,8.1,15.6,35,24,11,59.32,87.1,91.89,21,20,1,17,16,1
3,4,-1,0,99.4,100.6,26,33,-7,11.5,12.1,27,35,-8,43.55,87.88,88.46,33,39,-6,21,20,1
1,2,-1,0,99.8,100.2,18,35,-17,5.6,5.7,28,30,-2,48.28,94.29,94.44,22,19,3,21,9,12
2,3,-1,0,98.6,101.4,29,36,-7,6.9,8.3,37,28,9,56.92,91.67,93.1,22,23,-1,23,20,3
3,8,-5,1,87.6,112.4,27,34,-7,11.1,23.5,27,33,-6,45,76.47,88.89,27,10,17,14,19,-5
1,2,-1,1,94.6,105.4,34,24,10,2.9,8.3,36,27,9,57.14,91.67,97.06,26,18,8,24,11,13
3,4,-1,1,90,110,30,20,10,10,20,19,27,-8,41.3,80,90,17,29,-12,23,21,2
2,6,-4,0,89,111,28,33,-5,7.1,18.2,22,35,-13,38.6,81.82,92.86,24,23,1,14,18,-4
2,1,1,1,103.8,96.2,28,30,-2,7.1,3.3,30,40,-10,42.86,96.67,92.86,14,24,-10,24,10,14
2,7,-5,1,86.8,113.2,23,32,-9,8.7,21.9,26,29,-3,47.27,78.13,91.3,22,19,3,20,9,11
5,6,-1,1,98.5,101.5,35,38,-3,14.3,15.8,37,40,-3,48.05,84.21,85.71,23,13,10,14,16,-2
5,7,-2,0,105.8,96.2,24,41,-17,20.8,17.1,33,31,2,51.56,85,79.17,12,32,-20,9,14,-5
3,6,-3,0,97.8,107.5,28,33,-5,10.7,18.2,34,26,8,56.67,87.1,89.29,31,29,2,21,10,11
1,4,-3,0,92.4,107.6,19,31,-12,5.3,12.9,25,26,-1,49.02,87.1,94.74,40,37,3,16,20,-4
1,4,-3,0,96.2,106.5,19,34,-15,5.3,11.8,33,22,11,60,90.91,94.74,12,13,-1,17,24,-7
6,3,3,0,114.3,89,24,28,-4,25,10.7,24,27,-3,47.06,89.29,78.26,18,21,-3,18,9,9
1,3,-2,1,89.1,110.9,37,22,15,2.7,13.6,27,23,4,54,86.36,97.3,18,20,-2,14,17,-3
1,2,-1,0,97.6,102.4,19,26,-7,5.3,7.7,26,30,-4,46.43,92.31,94.74,11,23,-12,22,10,12
2,4,-2,1,102.2,100,21,42,-21,9.5,9.5,17,34,-17,33.33,92.68,90.48,28,25,3,15,19,-4
3,2,1,1,105.8,94.2,24,30,-6,12.5,6.7,27,36,-9,42.86,93.33,87.5,16,21,-5,16,12,4
2,1,1,1,104,96,25,25,0,8,4,17,21,-4,44.74,96,92,17,13,4,13,8,5
0,4,-4,1,88.2,111.8,22,34,-12,0,11.8,28,24,4,53.85,88.24,100,41,20,21,11,20,-9
1,3,-2,1,98.3,104.5,22,33,-11,4.5,9.1,29,26,3,52.73,93.75,95.45,16,19,-3,17,15,2
3,6,-3,1,97.7,104.7,25,36,-11,12,16.7,31,27,4,53.45,85.71,88,19,11,8,13,25,-12
3,4,-1,0,93.7,106.3,29,24,5,10.3,16.7,24,35,-11,40.68,83.33,89.66,18,27,-9,7,22,-15
2,3,-1,0,101.9,98.1,22,42,-20,9.1,7.1,20,28,-8,41.67,92.86,90.91,18,4,14,15,9,6
2,4,-2,1,93,107,34,31,3,5.9,12.9,32,34,-2,48.48,87.1,94.12,11,10,1,16,13,3
3,4,-1,1,96.5,103.5,35,33,2,8.6,12.1,20,30,-10,40,87.88,91.43,18,17,1,13,13,0
3,4,-1,1,103.6,96.4,22,40,-18,13.6,10,30,32,-2,48.39,90,86.36,15,17,-2,18,12,6
4,3,1,0,97.9,102.1,31,20,11,12.9,15,19,19,0,50,85,87.1,32,31,1,21,14,7
2,3,-1,0,98,102,23,28,-5,8.7,10.7,29,23,6,55.77,89.29,91.3,34,31,3,19,19,0
1,3,-2,0,97.9,102.1,29,54,-25,3.4,5.6,33,34,-1,49.25,94.44,96.55,22,19,3,20,15,5
1,8,-7,0,81.9,118.1,21,35,-14,4.8,22.9,33,21,12,61.11,77.14,95.24,24,16,8,14,25,-11
2,1,1,0,102.9,97.1,31,28,3,6.5,3.6,27,28,-1,49.09,96.43,93.55,30,22,8,19,24,-5
4,2,2,0,112.1,87.9,23,38,-15,17.4,5.3,29,28,1,50.88,94.74,82.61,11,21,-10,21,13,8
8,5,3,1,113.5,89.2,27,31,-4,29.6,16.1,32,26,6,55.17,83.87,73.08,18,26,-8,13,15,-2
3,4,-1,1,71.3,128.7,39,11,28,7.7,36.4,22,27,-5,44.9,63.64,92.31,29,30,-1,6,24,-18
7,2,5,1,125,75,21,24,-3,33.3,8.3,27,33,-6,45,91.67,66.67,20,18,2,16,6,10
2,4,-2,1,96.1,106.8,33,31,2,6.1,12.9,26,51,-25,33.77,90,93.94,45,20,25,13,16,-3
2,3,-1,0,101.9,98.1,24,31,-7,8.3,6.5,28,29,-1,49.12,93.55,91.67,23,22,1,16,20,-4
2,5,-3,0,98.4,107.4,23,31,-8,8.7,16.1,29,35,-6,45.31,89.66,91.3,28,20,8,18,15,3
5,4,1,1,99.7,105.3,34,20,14,14.7,20,34,28,6,54.84,85,85.29,22,13,9,12,11,1
3,4,-1,0,102,98,29,36,-7,10.3,8.3,30,39,-9,43.48,91.67,89.66,22,20,2,26,16,10
2,3,-1,0,98.8,101.2,27,35,-8,7.4,8.6,22,22,0,50,91.43,92.59,31,34,-3,14,14,0
3,4,-1,0,102.7,97.3,31,43,-12,9.7,7,31,31,0,50,93.02,90.32,21,23,-2,19,10,9
1,0,1,0,103.7,96.3,27,44,-17,3.7,0,21,30,-9,41.18,100,96.3,19,18,1,25,14,11
2,5,-3,1,94.4,108.4,26,31,-5,7.7,16.1,35,21,14,62.5,86.67,92.31,20,16,4,17,9,8
2,1,1,1,105.4,94.6,27,50,-23,7.4,2,27,29,-2,48.21,98,92.59,23,17,6,16,11,5
2,3,-1,1,98,102,23,28,-5,8.7,10.7,20,19,1,51.28,89.29,91.3,21,24,-3,22,13,9
3,2,1,1,103.4,96.6,29,29,0,10.3,6.9,25,16,9,60.98,93.1,89.66,20,13,7,26,9,17
4,2,2,1,111.9,92.1,21,28,-7,19,7.1,24,33,-9,42.11,92.86,85,21,15,6,24,11,13
5,4,1,0,93.5,106.5,46,23,23,10.9,17.4,33,39,-6,45.83,82.61,89.13,29,21,8,14,18,-4
3,7,-4,0,94.9,105.1,26,42,-16,11.5,16.7,26,27,-1,49.06,83.33,88.46,35,17,18,16,13,3
2,3,-1,0,97.7,102.3,26,30,-4,7.7,10,31,27,4,53.45,90,92.31,39,24,15,13,24,-11
1,3,-2,0,98.4,103.9,28,40,-12,3.6,7.5,39,32,7,54.93,94.87,96.43,22,15,7,15,25,-10
1,4,-3,1,89.6,114.3,26,22,4,3.8,18.2,31,32,-1,49.21,85.71,96.15,26,19,7,13,18,-5
3,8,-5,0,91.4,108.6,22,36,-14,13.6,22.2,27,28,-1,49.09,77.78,86.36,25,20,5,21,10,11
2,4,-2,0,94.3,105.7,22,27,-5,9.1,14.8,33,26,7,55.93,85.19,90.91,22,13,9,18,18,0
2,3,-1,0,102.1,97.9,27,38,-11,7.4,5.3,27,30,-3,47.37,94.74,92.59,36,19,17,18,10,8
0,2,-2,1,96.6,106.7,30,30,0,0,6.7,31,26,5,54.39,96.55,100,17,16,1,10,18,-8
4,5,-1,1,101.3,98.7,29,40,-11,13.8,12.5,25,35,-10,41.67,87.5,86.21,19,13,6,23,15,8
5,6,-1,1,89.7,110.3,34,24,10,14.7,25,27,32,-5,45.76,75,85.29,12,28,-16,18,19,-1
4,3,1,1,103.6,96.4,18,23,-5,16.7,13,25,26,-1,49.02,86.96,83.33,18,25,-7,19,15,4
1,2,-1,0,96,104,25,25,0,4,8,28,35,-7,44.44,92,96,14,12,2,22,20,2
1,7,-6,0,88.2,111.8,19,41,-22,5.3,17.1,25,33,-8,43.1,82.93,94.74,22,17,5,12,16,-4
2,1,1,0,103.7,96.3,28,29,-1,7.1,3.4,26,31,-5,45.61,96.55,92.86,24,18,6,30,10,20
5,1,4,0,118.6,81.4,22,24,-2,22.7,4.2,29,24,5,54.72,95.83,77.27,9,21,-12,14,15,-1
5,0,5,0,126.3,77.8,19,24,-5,26.3,0,22,20,2,52.38,100,77.78,15,30,-15,24,10,14
1,3,-2,1,96.1,106.9,36,31,5,2.8,9.7,26,30,-4,46.43,93.33,97.22,29,11,18,13,12,1
1,5,-4,1,82.8,121,36,21,15,2.8,23.8,32,35,-3,47.76,80,97.22,18,10,8,20,12,8
6,1,5,1,113.5,86.5,37,37,0,16.2,2.7,38,29,9,56.72,97.3,83.78,15,26,-11,17,5,12
3,4,-1,0,99.5,100.5,29,37,-8,10.3,10.8,27,31,-4,46.55,89.19,89.66,23,27,-4,26,12,14
4,5,-1,0,98.2,104.7,32,29,3,12.5,17.2,23,29,-6,44.23,85.71,87.5,18,13,5,21,12,9
0,4,-4,0,88.9,114.3,34,28,6,0,14.3,26,26,0,50,88.89,100,17,17,0,9,18,-9
6,2,4,0,113.1,86.9,30,29,1,20,6.9,21,33,-12,38.89,93.1,80,16,17,-1,10,10,0
2,3,-1,1,98,102,21,26,-5,9.5,11.5,27,27,0,50,88.46,90.48,21,37,-16,17,9,8
4,2,2,1,109.4,94.4,23,25,-2,17.4,8,24,36,-12,40,92,86.36,32,18,14,12,11,1
5,4,1,1,98.3,101.7,35,25,10,14.3,16,25,28,-3,47.17,84,85.71,17,23,-6,9,17,-8
2,4,-2,0,93.2,110.4,32,24,8,6.3,16.7,26,33,-7,44.07,86.96,93.75,18,19,-1,9,21,-12
4,1,3,0,108.3,91.7,32,24,8,12.5,4.2,25,22,3,53.19,95.83,87.5,13,21,-8,15,18,-3
3,5,-2,0,99.9,102.7,25,34,-9,12,14.7,19,31,-12,38,87.88,88,24,26,-2,16,22,-6
3,4,-1,1,88.3,111.7,36,20,16,8.3,20,39,24,15,61.9,80,91.67,17,15,2,9,21,-12
6,3,3,1,115.3,87.9,24,31,-7,25,9.7,33,26,7,55.93,90.32,78.26,24,29,-5,12,20,-8
2,7,-5,0,81.5,118.5,27,27,0,7.4,25.9,18,35,-17,33.96,74.07,92.59,18,18,0,11,11,0
1,4,-3,0,89.7,114,37,24,13,2.7,16.7,23,30,-7,43.4,86.96,97.3,25,29,-4,8,12,-4
2,1,1,0,105.4,94.6,22,27,-5,9.1,3.7,35,25,10,58.33,96.3,90.91,16,27,-11,14,7,7
3,2,1,0,103.8,96.2,28,29,-1,10.7,6.9,29,26,3,52.73,93.1,89.29,23,17,6,24,17,7
1,3,-2,1,93.7,106.3,27,30,-3,3.7,10,29,32,-3,47.54,90,96.3,15,14,1,11,19,-8
4,5,-1,1,104.8,95.2,27,40,-13,14.8,10,24,34,-10,41.38,90,85.19,27,15,12,14,15,-1
2,3,-1,1,97.9,102.1,31,35,-4,6.5,8.6,30,39,-9,43.48,91.43,93.55,24,18,6,13,21,-8
6,2,4,1,111,89,33,28,5,18.2,7.1,35,22,13,61.4,92.86,81.82,23,24,-1,18,14,4
4,6,-2,1,90.6,112.8,30,23,7,13.3,26.1,36,24,12,60,77.27,86.67,12,16,-4,11,19,-8
2,4,-2,0,97.1,105.8,28,31,-3,7.1,12.9,23,24,-1,48.94,90,92.86,18,14,4,15,11,4
4,1,3,1,112.6,87.4,25,29,-4,16,3.4,21,17,4,55.26,96.55,84,14,21,-7,15,11,4
0,3,-3,1,96.8,109.4,22,32,-10,0,9.4,20,32,-12,38.46,96.77,100,16,8,8,8,22,-14
6,4,2,1,103.9,98.6,34,29,5,17.6,13.8,27,25,2,51.92,86.21,84.85,16,18,-2,11,7,4
4,2,2,1,111.5,92.4,22,30,-8,18.2,6.7,23,27,-4,46,93.33,85.71,32,26,6,24,14,10
1,2,-1,0,100,100,18,36,-18,5.6,5.6,30,21,9,58.82,94.44,94.44,17,16,1,23,17,6
4,2,2,0,116.2,88.4,18,33,-15,22.2,6.1,19,33,-14,36.54,93.94,82.35,28,20,8,17,13,4
2,6,-4,0,80,120,33,23,10,6.1,26.1,23,37,-14,38.33,73.91,93.94,27,8,19,16,9,7
6,2,4,0,115,87.9,29,35,-6,20.7,5.7,40,24,16,62.5,94.29,82.14,18,20,-2,18,1,17
2,6,-4,0,84.7,118.5,31,24,7,6.5,25,28,23,5,54.9,78.26,93.55,16,7,9,14,23,-9
2,3,-1,1,98,102,24,29,-5,8.3,10.3,27,30,-3,47.37,89.66,91.67,21,12,9,13,14,-1
2,4,-2,1,101.4,101.4,18,32,-14,11.1,12.5,24,34,-10,41.38,90.32,88.89,23,7,16,19,21,-2
3,4,-1,1,97.5,102.5,27,22,5,11.1,13.6,27,30,-3,47.37,86.36,88.89,19,20,-1,17,16,1
5,2,3,1,108.5,94.2,33,30,3,15.2,6.7,30,29,1,50.85,93.33,87.5,24,9,15,23,12,11
5,4,1,0,99.1,100.9,29,22,7,17.2,18.2,23,26,-3,46.94,81.82,82.76,8,24,-16,13,18,-5
2,5,-3,0,99.4,107.3,19,28,-9,10.5,17.9,26,27,-1,49.06,88.89,89.47,31,14,17,18,15,3
2,6,-4,0,93.5,109,23,34,-11,8.7,17.6,35,30,5,53.85,84.85,91.3,26,12,14,15,14,1
1,3,-2,0,91.2,108.8,27,24,3,3.7,12.5,35,26,9,57.38,87.5,96.3,26,19,7,4,10,-6
0,3,-3,1,88.9,111.1,30,27,3,0,11.1,22,26,-4,45.83,88.89,100,31,18,13,20,16,4
1,5,-4,1,91.2,111.6,22,31,-9,4.5,16.1,30,27,3,52.63,86.67,95.45,33,15,18,15,17,-2
5,1,4,1,120.9,82.9,21,34,-13,23.8,2.9,19,25,-6,43.18,97.06,80,26,23,3,20,19,1
1,2,-1,1,102.5,97.5,18,33,-15,5.6,3,32,32,0,50,96.97,94.44,16,29,-13,18,13,5
7,5,2,0,118.3,84.9,22,37,-15,31.8,13.5,24,40,-16,37.5,86.49,71.43,20,16,4,20,14,6
2,3,-1,0,102.2,97.8,19,36,-17,10.5,8.3,26,25,1,50.98,91.67,89.47,24,28,-4,24,14,10
5,2,3,0,113.1,90.2,25,29,-4,20,6.9,21,32,-11,39.62,93.1,83.33,23,24,-1,19,14,5
4,2,2,0,103.8,96.2,28,19,9,14.3,10.5,27,29,-2,48.21,89.47,85.71,15,26,-11,25,11,14
2,4,-2,1,87.9,112.1,38,23,15,5.3,17.4,28,29,-1,49.12,82.61,94.74,21,11,10,13,21,-8
5,8,-3,0,89.2,113.5,31,27,4,16.1,29.6,26,32,-6,44.83,73.08,83.87,26,18,8,15,13,2
2,5,-3,1,89.4,110.6,44,33,11,4.5,15.2,44,27,17,61.97,84.85,95.45,21,34,-13,17,16,1
3,2,1,0,102.4,98,27,23,4,11.1,8.7,31,21,10,59.62,91.3,89.29,15,32,-17,13,17,-4
1,2,-1,0,95.5,104.5,20,21,-1,5,9.5,21,24,-3,46.67,90.48,95,24,24,0,15,15,0
3,0,3,1,108.1,94.4,37,24,13,8.1,0,27,33,-6,45,100,94.44,13,21,-8,28,13,15
0,2,-2,1,91.3,108.7,24,23,1,0,8.7,22,27,-5,44.9,91.3,100,19,41,-22,17,21,-4
3,2,1,1,102.8,97.2,27,24,3,11.1,8.3,24,33,-9,42.11,91.67,88.89,16,9,7,8,16,-8
3,1,2,1,106.3,97.3,26,19,7,11.5,5.3,29,27,2,51.79,94.74,92,14,12,2,11,15,-4
5,2,3,1,110.2,92.5,33,40,-7,15.2,5,25,30,-5,45.45,95,87.5,14,25,-11,16,13,3
4,3,1,1,100,100,32,24,8,12.5,12.5,28,26,2,51.85,87.5,87.5,31,26,5,16,10,6
3,6,-3,0,98.9,103.8,20,32,-12,15,18.8,26,22,4,54.17,83.87,85,22,20,2,21,22,-1
0,2,-2,0,93.9,106.1,23,33,-10,0,6.1,22,38,-16,36.67,93.94,100,18,15,3,15,27,-12
0,3,-3,0,90.9,113,22,23,-1,0,13,21,26,-5,44.68,90.91,100,14,25,-11,15,14,1
1,4,-3,0,93.7,109.3,25,30,-5,4,13.3,24,30,-6,44.44,89.66,96,30,34,-4,22,15,7
8,2,6,0,128.1,71.9,23,30,-7,34.8,6.7,35,29,6,54.69,93.33,65.22,16,19,-3,17,13,4
1,4,-3,1,97.4,105,19,39,-20,5.3,10.3,33,28,5,54.1,92.11,94.74,25,13,12,23,6,17
3,4,-1,1,98.3,101.7,32,36,-4,9.4,11.1,35,40,-5,46.67,88.89,90.63,34,31,3,16,15,1
2,3,-1,1,96.7,103.3,27,28,-1,7.4,10.7,35,21,14,62.5,89.29,92.59,18,17,1,17,23,-6
2,1,1,1,104.2,95.8,23,22,1,8.7,4.5,34,27,7,55.74,95.45,91.3,27,31,-4,10,16,-6
6,4,2,1,104.7,95.3,29,25,4,20.7,16,26,31,-5,45.61,84,79.31,21,27,-6,19,21,-2
7,3,4,0,110.9,91.4,35,33,2,20,9.1,26,37,-11,41.27,90.91,82.35,23,29,-6,19,8,11
0,2,-2,0,91.3,108.7,25,23,2,0,8.7,25,27,-2,48.08,91.3,100,25,13,12,16,14,2
5,4,1,0,101.2,98.8,34,38,-4,11.8,10.5,32,33,-1,49.23,89.47,88.24,21,38,-17,15,8,7
2,3,-1,1,94.3,105.8,32,25,7,6.3,12,31,40,-9,43.66,88,93.75,20,28,-8,16,18,-2
6,1,5,1,116.3,83.7,29,23,6,20.7,4.3,31,29,2,51.67,95.65,79.31,11,19,-8,21,11,10
3,4,-1,0,96.4,103.6,23,18,5,13,16.7,26,25,1,50.98,83.33,86.96,25,18,7,15,19,-4
3,4,-1,0,94.1,105.9,26,23,3,11.5,17.4,35,23,12,60.34,82.61,88.46,21,10,11,15,12,3
1,3,-2,0,98.7,104.9,15,26,-11,6.7,11.5,26,24,2,52,92,93.33,31,26,5,20,18,2
5,4,1,1,112.5,91.2,22,39,-17,22.7,10.3,29,25,4,53.7,89.74,80.95,21,28,-7,20,13,7
5,4,1,1,112,88,19,28,-9,26.3,14.3,36,21,15,63.16,85.71,73.68,22,20,2,13,11,2
2,1,1,1,100.6,99.4,37,21,16,5.4,4.8,29,24,5,54.72,95.24,94.59,39,32,7,14,15,-1
2,1,1,0,104,96,27,29,-2,7.4,3.4,20,34,-14,37.04,96.55,92.59,30,25,5,22,9,13
3,2,1,0,103.2,96.8,21,18,3,14.3,11.1,36,26,10,58.06,88.89,85.71,29,14,15,19,17,2
6,1,5,1,112.2,87.8,37,25,12,16.2,4,28,27,1,50.91,96,83.78,25,26,-1,13,15,-2
4,1,3,1,119.1,85.5,18,32,-14,22.2,3.1,24,30,-6,44.44,96.88,82.35,23,26,-3,11,8,3
4,1,3,1,112.3,87.7,25,27,-2,16,3.7,29,22,7,56.86,96.3,84,24,19,5,10,12,-2
4,3,1,1,97.1,102.9,29,18,11,13.8,16.7,32,17,15,65.31,83.33,86.21,41,29,12,23,17,6
4,1,3,0,114.7,85.3,21,23,-2,19,4.3,22,17,5,56.41,95.65,80.95,25,31,-6,17,17,0
7,2,5,1,118.9,81.1,26,25,1,26.9,8,24,24,0,50,92,73.08,25,18,7,15,17,-2
5,1,4,0,112.3,90.7,28,18,10,17.9,5.6,31,20,11,60.78,94.44,85.19,17,19,-2,19,19,0
3,5,-2,0,89.5,114.2,35,22,13,8.6,22.7,23,33,-10,41.07,80.95,91.43,21,26,-5,9,24,-15
1,2,-1,0,96.3,103.7,20,23,-3,5,8.7,28,30,-2,48.28,91.3,95,35,36,-1,23,16,7
4,3,1,0,105.7,98.2,22,24,-2,18.2,12.5,26,21,5,55.32,87.5,85.71,17,29,-12,23,13,10
3,2,1,0,98,102,30,23,7,6.7,8.7,27,25,2,51.92,91.3,93.33,20,22,-2,19,17,2
3,6,-3,0,78.6,121.4,42,21,21,7.1,28.6,30,39,-9,43.48,71.43,92.86,21,11,10,8,14,-6
4,1,3,1,107.9,92.1,34,26,8,11.8,3.8,28,29,-1,49.12,96.15,88.24,34,25,9,20,10,10
5,2,3,0,115.2,88.9,19,18,1,26.3,11.1,35,18,17,66.04,88.89,77.78,20,18,2,17,10,7
7,2,5,1,118.5,81.5,27,27,0,25.9,7.4,35,18,17,66.04,92.59,74.07,18,18,0,11,11,0
3,1,2,1,108.6,91.4,25,29,-4,12,3.4,25,22,3,53.19,96.55,88,20,18,2,15,11,4
3,4,-1,1,101.8,98.2,24,28,-4,12.5,10.7,33,16,17,67.35,89.29,87.5,34,24,10,13,14,-1
6,5,1,1,88.7,111.3,40,21,19,12.5,23.8,32,28,4,53.33,76.19,87.5,27,12,15,14,14,0
2,3,-1,1,100.3,99.7,22,34,-12,9.1,8.8,31,34,-3,47.69,91.18,90.91,26,29,-3,9,8,1
2,3,-1,1,101.4,98.6,22,39,-17,9.1,7.7,30,17,13,63.83,92.31,90.91,28,13,15,14,13,1
2,1,1,0,102.9,97.1,29,25,4,6.9,4,35,21,14,62.5,96,93.1,23,12,11,8,9,-1
0,5,-5,0,86.1,113.9,19,36,-17,0,13.9,29,21,8,58,86.11,100,37,15,22,13,11,2
2,5,-3,1,93.9,109,26,30,-4,7.7,16.7,30,24,6,55.56,86.21,92.31,21,14,7,16,14,2
0,2,-2,1,89.5,110.5,33,19,14,0,10.5,32,26,6,55.17,89.47,100,38,21,17,14,19,-5
2,4,-2,1,101.8,101.1,17,31,-14,11.8,12.9,30,27,3,52.63,90,88.24,29,15,14,5,18,-13
5,4,1,0,101.8,98.2,28,32,-4,14.3,12.5,36,34,2,51.43,87.5,85.71,16,22,-6,26,13,13
2,4,-2,0,96.2,103.8,24,33,-9,8.3,12.1,32,22,10,59.26,87.88,91.67,33,13,20,10,18,-8
4,1,3,1,110.3,89.7,29,29,0,13.8,3.4,33,30,3,52.38,96.55,86.21,28,21,7,14,12,2
2,1,1,1,104.4,95.6,25,28,-3,8,3.6,23,21,2,52.27,96.43,92,20,20,0,18,13,5
1,2,-1,1,96.5,103.5,32,30,2,3.1,6.7,27,24,3,52.94,93.33,96.88,22,14,8,10,23,-13
6,2,4,1,109,91,34,23,11,17.6,8.7,28,24,4,53.85,91.3,82.35,28,29,-1,17,16,1
4,6,-2,0,92.1,111,33,26,7,12.1,23.1,32,24,8,57.14,80,87.88,31,29,2,12,19,-7
4,6,-2,0,99,103.3,33,39,-6,12.1,15.4,31,25,6,55.36,86.84,87.88,21,14,7,18,24,-6
4,0,4,1,116,84,25,20,5,16,0,29,26,3,52.73,100,84,16,27,-11,13,16,-3
6,2,4,0,114.8,85.2,28,30,-2,21.4,6.7,29,26,3,52.73,93.33,78.57,20,17,3,11,10,1
2,4,-2,1,80.4,119.6,37,16,21,5.4,25,36,24,12,60,75,94.59,14,20,-6,4,23,-19
7,4,3,1,110,92.6,30,30,0,23.3,13.3,33,30,3,52.38,86.67,79.31,26,27,-1,19,7,12
4,0,4,0,119,85,21,19,2,19,0,24,26,-2,48,100,85,21,13,8,12,15,-3
1,2,-1,0,96.3,103.7,27,27,0,3.7,7.4,29,28,1,50.88,92.59,96.3,21,20,1,21,14,7
1,3,-2,0,86.5,113.5,32,18,14,3.1,16.7,28,22,6,56,83.33,96.88,26,19,7,15,9,6
1,4,-3,1,93.9,109.3,20,28,-8,5,14.3,25,40,-15,38.46,88.89,95,32,26,6,12,8,4
3,2,1,1,105.4,94.6,24,28,-4,12.5,7.1,29,36,-7,44.62,92.86,87.5,20,41,-21,19,8,11
1,2,-1,0,100.8,99.2,16,37,-21,6.3,5.4,26,43,-17,37.68,94.59,93.75,30,12,18,17,12,5
3,4,-1,1,102.1,97.9,20,31,-11,15,12.9,19,19,0,50,87.1,85,31,32,-1,14,21,-7
4,3,1,0,104,96,25,25,0,16,12,35,29,6,54.69,88,84,15,30,-15,18,14,4
2,4,-2,0,87.4,112.6,31,21,10,6.5,19,22,29,-7,43.14,80.95,93.55,26,10,16,12,18,-6
4,3,1,0,109,91,24,39,-15,16.7,7.7,43,37,6,53.75,92.31,83.33,16,20,-4,21,10,11
4,1,3,0,108.2,94.7,32,23,9,12.5,4.3,36,22,14,62.07,95.65,90.32,24,18,6,14,13,1
2,3,-1,1,97.7,102.3,27,31,-4,7.4,9.7,21,31,-10,40.38,90.32,92.59,27,12,15,8,18,-10
3,0,3,0,115,85,20,32,-12,15,0,28,22,6,56,100,85,13,21,-8,24,10,14
5,2,3,0,104.5,97.6,44,29,15,11.4,6.9,18,23,-5,43.9,93.1,90.7,24,23,1,17,14,3
1,3,-2,0,97.3,105.7,25,31,-6,4,9.7,19,34,-15,35.85,93.33,96,24,29,-5,6,20,-14
3,2,1,1,98.1,101.9,31,24,7,6.5,8.3,29,28,1,50.88,91.67,93.55,22,23,-1,20,16,4
2,4,-2,1,97.2,106,24,28,-4,8.3,14.3,31,27,4,53.45,88.89,91.67,17,17,0,19,19,0
1,4,-3,0,86.7,113.3,30,24,6,3.3,16.7,23,40,-17,36.51,83.33,96.67,26,16,10,17,6,11
3,2,1,0,98.6,101.4,31,18,13,9.7,11.1,26,33,-7,44.07,88.89,90.32,27,18,9,11,9,2
3,4,-1,0,99,101,27,33,-6,11.1,12.1,39,22,17,63.93,87.88,88.89,28,26,2,19,10,9
2,3,-1,1,99.1,100.9,22,30,-8,9.1,10,22,26,-4,45.83,90,90.91,17,29,-12,10,10,0
1,8,-7,1,74.4,125.6,25,27,-2,4,29.6,28,24,4,53.85,70.37,96,25,18,7,7,18,-11
2,4,-2,1,103.3,99.6,15,31,-16,13.3,12.9,25,37,-12,40.32,90,86.67,30,21,9,18,17,1
3,2,1,1,104.3,95.7,23,23,0,13,8.7,20,22,-2,47.62,91.3,86.96,24,12,12,18,11,7
4,2,2,1,111.3,92.4,24,37,-13,16.7,5.4,17,32,-15,34.69,94.59,86.96,17,18,-1,17,13,4
1,2,-1,0,95.2,104.8,21,21,0,4.8,9.5,20,23,-3,46.51,90.48,95.24,24,10,14,14,24,-10
1,8,-7,0,80.8,119.2,27,35,-8,3.7,22.9,24,34,-10,41.38,77.14,96.3,31,21,10,13,18,-5
2,5,-3,0,90.5,112.8,31,26,5,6.5,19.2,28,22,6,56,84,93.55,18,24,-6,16,19,-3
5,1,4,0,116.1,87.1,27,41,-14,18.5,2.4,19,41,-22,31.67,97.56,84.62,24,21,3,23,8,15
2,3,-1,1,94.4,105.6,29,24,5,6.9,12.5,22,30,-8,42.31,87.5,93.1,22,14,8,21,16,5
4,3,1,1,113.6,86.4,19,40,-21,21.1,7.5,38,33,5,53.52,92.5,78.95,27,13,14,12,5,7
1,0,1,1,103.3,96.7,30,34,-4,3.3,0,21,24,-3,46.67,100,96.67,30,23,7,12,21,-9
1,4,-3,1,92,108,28,26,2,3.6,11.5,26,21,5,55.32,88.46,96.43,22,24,-2,18,23,-5
3,4,-1,0,99.4,100.6,22,28,-6,13.6,14.3,28,25,3,52.83,85.71,86.36,18,10,8,11,15,-4
5,4,1,0,98.7,101.3,40,29,11,12.5,13.8,35,25,10,58.33,86.21,87.5,13,19,-6,15,23,-8
3,2,1,0,105.8,94.3,25,32,-7,12,6.3,40,31,9,56.34,93.75,88,28,20,8,18,16,2
0,4,-4,0,81.8,118.2,27,22,5,0,18.2,24,30,-6,44.44,81.82,100,2,10,-8,10,14,-4
5,1,4,1,112,88,31,24,7,16.1,4.2,19,18,1,51.35,95.83,83.87,26,37,-11,8,10,-2
7,4,3,1,106.6,93.4,31,25,6,22.6,16,36,33,3,52.17,84,77.42,13,16,-3,12,9,3
3,4,-1,1,98.9,101.1,21,26,-5,14.3,15.4,25,34,-9,42.37,84.62,85.71,18,21,-3,15,18,-3
3,4,-1,1,97.8,102.2,28,31,-3,10.7,12.9,20,31,-11,39.22,87.1,89.29,25,18,7,14,33,-19
5,1,4,0,119.2,84.4,23,39,-16,21.7,2.6,22,29,-7,43.14,97.44,81.82,3,25,-22,12,15,-3
2,3,-1,0,103.1,96.9,24,38,-14,8.3,5.3,32,23,9,58.18,94.74,91.67,19,16,3,14,18,-4
1,2,-1,0,92.6,107.4,32,19,13,3.1,10.5,21,28,-7,42.86,89.47,96.88,14,27,-13,14,21,-7
4,1,3,0,113.2,90.4,24,29,-5,16.7,3.4,23,29,-6,44.23,96.55,86.96,14,25,-11,21,13,8
5,3,2,1,112.9,90.5,24,38,-14,20.8,7.9,27,35,-8,43.55,92.11,82.61,14,30,-16,12,12,0
8,0,8,1,136.4,63.6,22,25,-3,36.4,0,32,30,2,51.61,100,63.64,11,23,-12,23,9,14
6,1,5,1,115.6,84.4,27,15,12,22.2,6.7,28,38,-10,42.42,93.33,77.78,10,37,-27,16,16,0
2,4,-2,0,95.1,107.9,37,30,7,5.4,13.3,33,25,8,56.9,89.66,94.59,27,14,13,5,12,-7
4,6,-2,0,94,109.2,27,25,2,14.8,24,31,34,-3,47.69,79.17,85.19,13,23,-10,13,23,-10
3,2,1,0,96.9,103.1,38,24,14,5.3,8.3,32,32,0,50,91.67,94.74,16,29,-13,12,12,0
2,0,2,1,108.7,95.5,23,21,2,8.7,0,27,27,0,50,100,95.45,19,41,-22,19,10,9
6,2,4,0,98.3,106.1,40,12,28,15,16.7,31,24,7,56.36,83.33,89.47,19,36,-17,11,19,-8
3,4,-1,0,104.7,95.3,20,29,-9,15,10.3,29,29,0,50,89.66,85,19,19,0,11,16,-5
1,4,-3,0,91.3,108.7,24,31,-7,4.2,12.9,31,22,9,58.49,87.1,95.83,25,16,9,17,16,1
0,4,-4,1,87.5,116,25,25,0,0,16,31,27,4,53.45,87.5,100,21,35,-14,20,23,-3
6,5,1,1,107.9,92.1,26,33,-7,23.1,15.2,36,30,6,54.55,84.85,76.92,19,23,-4,12,10,2
6,2,4,1,108.9,93.2,40,33,7,15,6.1,35,31,4,53.03,93.94,87.18,10,19,-9,22,18,4
1,2,-1,0,96.6,103.4,29,29,0,3.4,6.9,29,31,-2,48.33,93.1,96.55,12,38,-26,12,13,-1
3,1,2,0,111,93.7,19,21,-2,15.8,4.8,17,28,-11,37.78,95.24,88.89,11,14,-3,19,7,12
3,0,3,1,113.6,90.5,22,28,-6,13.6,0,26,31,-5,45.61,100,90.48,14,27,-13,13,17,-4
4,1,3,1,106.9,93.1,36,24,12,11.1,4.2,30,22,8,57.69,95.83,88.89,25,30,-5,9,16,-7
4,1,3,1,114,89.7,24,37,-13,16.7,2.7,30,23,7,56.6,97.3,86.96,29,25,4,12,8,4
5,3,2,0,115.2,88.6,21,35,-14,23.8,8.6,31,39,-8,44.29,91.43,80,26,29,-3,25,16,9
6,3,3,0,125.2,78.7,18,37,-19,33.3,8.1,33,26,7,55.93,91.89,70.59,28,32,-4,19,10,9
5,1,4,1,112.6,90.2,31,28,3,16.1,3.6,31,33,-2,48.44,96.43,86.67,16,24,-8,18,18,0
4,3,1,1,99.8,102.6,38,28,10,10.5,10.7,22,36,-14,37.93,89.29,91.89,17,13,4,10,16,-6
2,3,-1,1,98.1,101.9,31,36,-5,6.5,8.3,29,27,2,51.79,91.67,93.55,25,25,0,13,20,-7
3,0,3,1,109.1,93.8,33,28,5,9.1,0,31,25,6,55.36,100,93.75,18,29,-11,9,18,-9
1,4,-3,1,87.9,116.2,35,21,14,2.9,19,32,22,10,59.26,85,97.14,11,17,-6,12,16,-4
0,2,-2,0,96.8,106.3,28,32,-4,0,6.3,31,22,9,58.49,96.77,100,17,12,5,9,18,-9
4,3,1,0,88.6,111.4,40,14,26,10,21.4,23,20,3,53.49,78.57,90,17,17,0,12,10,2
2,3,-1,0,92.1,107.9,35,22,13,5.7,13.6,29,28,1,50.88,86.36,94.29,18,23,-5,15,11,4
3,5,-2,0,95.2,107.9,30,28,2,10,17.9,31,31,0,50,85.19,90,19,12,7,10,11,-1
5,1,4,1,120.2,79.8,22,39,-17,22.7,2.6,29,34,-5,46.03,97.44,77.27,30,23,7,22,9,13
4,3,1,1,100.5,99.5,35,37,-2,8.6,8.1,26,32,-6,44.83,91.89,91.43,12,24,-12,12,12,0
2,6,-4,0,86.3,120.6,45,24,21,4.4,25,39,37,2,51.32,81.82,95.56,25,22,3,8,14,-6
5,2,3,0,120.3,88.4,19,33,-14,26.3,6.1,23,27,-4,46,93.94,82.35,38,33,5,15,11,4
2,3,-1,0,96.5,103.5,25,26,-1,8,11.5,31,26,5,54.39,88.46,92,14,27,-13,13,19,-6
4,1,3,1,109.3,93.6,31,28,3,12.9,3.6,31,39,-8,44.29,96.43,90,24,35,-11,13,20,-7
3,2,1,1,102.6,97.4,33,31,2,9.1,6.5,33,45,-12,42.31,93.55,90.91,19,24,-5,14,13,1
1,4,-3,0,90.7,112.7,37,26,11,2.7,15.4,29,30,-1,49.15,88,97.3,26,31,-5,11,24,-13
1,2,-1,0,93.4,106.6,34,21,13,2.9,9.5,30,31,-1,49.18,90.48,97.06,25,36,-11,16,17,-1
1,2,-1,0,96,104,25,25,0,4,8,21,17,4,55.26,92,96,13,17,-4,8,13,-5
2,5,-3,1,97.6,104.8,23,37,-14,8.7,13.5,30,34,-4,46.88,88.89,91.3,19,20,-1,13,17,-4
6,2,4,1,119.5,80.5,25,44,-19,24,4.5,37,40,-3,48.05,95.45,76,13,23,-10,18,12,6
4,0,4,0,113.8,89.3,29,36,-7,13.8,0,32,29,3,52.46,100,89.29,13,32,-19,16,20,-4
2,4,-2,1,97.5,105.9,21,26,-5,9.5,15.4,30,27,3,52.63,88,90.48,24,26,-2,12,14,-2
3,1,2,1,113.5,86.5,18,32,-14,16.7,3.1,22,28,-6,44,96.88,83.33,19,26,-7,9,15,-6
5,3,2,1,105.8,96.9,33,32,1,15.2,9.4,35,29,6,54.69,90.63,87.5,16,24,-8,22,5,17
5,1,4,0,111.6,91.2,31,22,9,16.1,4.5,27,30,-3,47.37,95.45,86.67,15,33,-18,17,15,2
8,3,5,0,117.1,82.9,26,22,4,30.8,13.6,40,24,16,62.5,86.36,69.23,13,17,-4,15,20,-5
1,2,-1,0,100.5,103.5,22,25,-3,4.5,8,30,28,2,51.72,96,95.45,14,9,5,10,14,-4
4,2,2,0,104.1,98.6,33,25,8,12.1,8,20,24,-4,45.45,92,90.63,9,28,-19,11,17,-6
8,1,7,1,118.1,81.9,35,21,14,22.9,4.8,21,33,-12,38.89,95.24,77.14,16,24,-8,25,14,11
3,5,-2,1,93,109.9,41,29,12,7.3,17.2,36,34,2,51.43,85.71,92.68,20,22,-2,12,15,-3
3,2,1,0,104.3,95.7,28,31,-3,10.7,6.5,30,31,-1,49.18,93.55,89.29,28,39,-11,12,20,-8
4,5,-1,1,98.7,104.9,28,32,-4,14.3,15.6,21,37,-16,36.21,84.38,89.29,26,24,2,11,15,-4
8,2,6,1,116.2,83.8,33,25,8,24.2,8,37,22,15,62.71,92,75.76,11,22,-11,17,13,4
2,4,-2,1,92.6,107.4,29,28,1,6.9,14.3,37,29,8,56.06,85.71,93.1,31,10,21,9,16,-7
6,7,-1,0,103.7,96.3,30,43,-13,20,16.3,36,27,9,57.14,83.72,80,21,28,-7,32,20,12
3,2,1,0,98,102,35,19,16,8.6,10.5,29,20,9,59.18,89.47,91.43,11,15,-4,11,22,-11
4,0,4,1,115.4,88.5,26,29,-3,15.4,0,32,32,0,50,100,88.46,15,23,-8,19,11,8
4,1,3,1,109.6,93.5,29,24,5,13.8,4.2,33,25,8,56.9,95.83,89.29,16,25,-9,19,10,9
1,2,-1,1,101.1,98.9,23,31,-8,4.3,3.2,20,21,-1,48.78,96.77,95.65,14,23,-9,13,16,-3
2,3,-1,0,95.7,104.3,23,23,0,8.7,13,22,20,2,52.38,86.96,91.3,12,24,-12,11,18,-7
4,7,-3,0,97.7,107.3,30,34,-4,13.3,20.6,39,33,6,54.17,84.38,86.67,16,31,-15,5,13,-8
3,5,-2,0,95,112.7,30,22,8,10,22.7,29,25,4,53.7,85,90,11,22,-11,10,18,-8
5,2,3,0,118.1,85.7,21,35,-14,23.8,5.7,28,19,9,59.57,94.29,80,12,24,-12,17,11,6
3,2,1,1,105.7,94.3,27,37,-10,11.1,5.4,32,32,0,50,94.59,88.89,13,33,-20,13,21,-8
3,0,3,1,114.3,85.7,21,32,-11,14.3,0,25,35,-10,41.67,100,85.71,12,30,-18,19,16,3
2,4,-2,1,90,114.5,26,18,8,7.7,22.2,23,29,-6,44.23,82.35,92.31,14,29,-15,16,19,-3
8,5,3,0,107.3,92.7,37,35,2,21.6,14.3,37,38,-1,49.33,85.71,78.38,13,23,-10,20,9,11
2,5,-3,0,88.6,111.4,34,29,5,5.9,17.2,29,17,12,63.04,82.76,94.12,20,20,0,14,18,-4
4,5,-1,0,95.9,104.1,29,28,1,13.8,17.9,36,31,5,53.73,82.14,86.21,15,30,-15,20,18,2
4,3,1,1,104,96,25,25,0,16,12,20,26,-6,43.48,88,84,22,16,6,9,20,-11
4,1,3,1,111.1,92.2,27,27,0,14.8,3.7,23,28,-5,45.1,96.3,88.46,13,23,-10,19,15,4
4,1,3,0,112.6,95.2,23,21,2,17.4,4.8,31,35,-4,46.97,95.24,90.48,19,17,2,19,11,8
4,3,1,1,111.2,88.8,20,34,-14,20,8.8,29,16,13,64.44,91.18,80,17,13,4,11,16,-5
4,0,4,0,112.5,90.3,32,35,-3,12.5,0,32,31,1,50.79,100,90.32,17,13,4,19,12,7
4,1,3,0,116.2,83.8,20,26,-6,20,3.8,30,23,7,56.6,96.15,80,18,27,-9,18,5,13
1,0,1,1,102.9,97.1,35,15,20,2.9,0,22,26,-4,45.83,100,97.14,24,21,3,18,13,5
4,3,1,0,102.2,97.8,31,28,3,12.9,10.7,31,20,11,60.78,89.29,87.1,18,25,-7,33,14,19
1,3,-2,0,100,102.6,18,37,-19,5.6,8.1,13,29,-16,30.95,94.44,94.44,29,43,-14,18,11,7
5,0,5,1,118.5,81.5,27,27,0,18.5,0,26,19,7,57.78,100,81.48,24,18,6,14,15,-1
3,2,1,1,105.1,94.9,26,31,-5,11.5,6.5,23,25,-2,47.92,93.55,88.46,25,39,-14,21,7,14
3,2,1,0,106.6,93.4,23,31,-8,13,6.5,35,23,12,60.34,93.55,86.96,20,5,15,22,9,13
3,1,2,0,108.8,94.8,26,36,-10,11.5,2.8,34,21,13,61.82,97.22,92,26,17,9,14,9,5
5,6,-1,0,100,100,35,35,0,14.3,14.3,33,24,9,57.89,85.71,85.71,26,5,21,17,21,-4
7,2,5,1,112.8,87.2,30,19,11,23.3,10.5,30,20,10,60,89.47,76.67,33,32,1,14,9,5
2,5,-3,0,94.8,107.9,26,32,-6,7.7,15.6,31,30,1,50.82,87.1,92.31,20,23,-3,19,11,8
4,3,1,0,104.3,95.7,28,30,-2,14.3,10,30,25,5,54.55,90,85.71,27,33,-6,20,10,10
2,1,1,1,105.1,94.9,26,39,-13,7.7,2.6,35,25,10,58.33,97.44,92.31,21,20,1,19,12,7
6,2,4,1,113,87,29,26,3,20.7,7.7,37,15,22,71.15,92.31,79.31,20,31,-11,23,10,13
2,4,-2,1,96.2,107.3,23,25,-2,8.7,16,31,27,4,53.45,87.5,91.3,40,24,16,13,18,-5
2,3,-1,1,96,104,25,25,0,8,12,28,29,-1,49.12,88,92,24,40,-16,14,12,2
4,3,1,0,102.4,97.6,26,33,-7,11.5,9.1,34,31,3,52.31,90.91,88.46,21,22,-1,23,11,12
4,7,-3,0,103.4,101.5,21,34,-13,19,20.6,36,20,16,64.29,84.38,80.95,23,23,0,14,10,4
2,5,-3,0,86.5,113.5,31,25,6,6.5,20,41,24,17,63.08,80,93.55,39,26,13,14,14,0
2,3,-1,1,98.3,101.7,27,22,5,7.4,9.1,43,19,24,69.35,90.91,92.59,22,31,-9,10,31,-21
6,5,1,0,103.5,96.5,33,34,-1,18.2,14.7,33,26,7,55.93,85.29,81.82,23,13,10,19,13,6
3,2,1,0,113,87,16,35,-19,18.8,5.7,23,38,-15,37.7,94.29,81.25,21,21,0,25,9,16
5,4,1,0,106.1,93.9,29,36,-7,17.2,11.1,30,28,2,51.72,88.89,82.76,30,20,10,11,13,-2
5,2,3,0,109.3,93.6,30,27,3,16.7,7.4,31,20,11,60.78,92.59,86.21,19,16,3,18,15,3
6,3,3,1,117.5,94.3,23,35,-12,26.1,8.6,39,28,11,58.21,91.43,85.71,24,23,1,21,4,17
1,2,-1,0,95.6,104.4,28,25,3,3.6,8,27,17,10,61.36,92,96.43,19,22,-3,11,15,-4
3,1,2,0,106.3,93.7,30,27,3,10,3.7,32,29,3,52.46,96.3,90,14,15,-1,19,11,8
6,3,3,0,108.5,94.3,30,26,4,20,11.5,38,34,4,52.78,88.46,82.76,20,22,-2,23,14,9
4,3,1,0,108,92,28,48,-20,14.3,6.3,27,24,3,52.94,93.75,85.71,17,17,0,24,7,17
1,3,-2,1,94.7,109,33,25,8,3,12,32,19,13,62.75,91.67,96.97,23,12,11,8,22,-14
1,2,-1,0,94.8,105.2,29,23,6,3.4,8.7,27,24,3,52.94,91.3,96.55,19,24,-5,13,16,-3
1,5,-4,1,81.2,122.9,29,19,10,3.4,26.3,32,20,12,61.54,77.78,96.55,18,11,7,11,25,-14
5,3,2,1,107.9,95.2,28,30,-2,17.9,10,31,31,0,50,90,85.19,12,19,-7,11,10,1
7,3,4,0,112,90.4,34,35,-1,20.6,8.6,28,39,-11,41.79,91.43,81.82,20,15,5,19,17,2
4,3,1,1,97.3,102.7,41,24,17,9.8,12.5,36,33,3,52.17,87.5,90.24,25,14,11,16,21,-5
1,4,-3,1,86.2,113.8,28,23,5,3.6,17.4,24,25,-1,48.98,82.61,96.43,35,13,22,8,8,0
0,3,-3,1,88.9,116.7,20,18,2,0,16.7,25,24,1,51.02,88.89,100,11,22,-11,14,21,-7
3,6,-3,0,93.9,108.6,33,34,-1,9.1,17.6,26,27,-1,49.06,84.85,90.91,26,13,13,22,11,11
3,2,1,0,111.4,88.6,17,32,-15,17.6,6.3,30,26,4,53.57,93.75,82.35,31,15,16,12,17,-5
3,2,1,1,105.8,94.3,25,32,-7,12,6.3,37,18,19,67.27,93.75,88,43,33,10,17,12,5
6,4,2,1,107.8,98.1,29,31,-2,20.7,12.9,30,25,5,54.55,87.1,85.19,20,23,-3,14,6,8
2,1,1,0,103.4,96.6,31,33,-2,6.5,3,30,23,7,56.6,96.97,93.55,26,19,7,16,14,2
3,1,2,1,108.8,94.9,25,31,-6,12,3.2,25,29,-4,46.3,96.77,91.67,22,20,2,15,17,-2
2,5,-3,1,92.5,110.2,37,32,5,5.4,15.6,29,26,3,52.73,87.1,94.59,28,17,11,9,17,-8
5,2,3,0,113.7,86.3,23,25,-2,21.7,8,18,25,-7,41.86,92,78.26,37,34,3,17,9,8
2,5,-3,1,92.6,110.5,25,27,-2,8,18.5,26,23,3,53.06,84.62,92,29,15,14,6,22,-16
3,6,-3,1,95.2,107.3,29,34,-5,10.3,17.6,18,33,-15,35.29,84.85,89.66,36,11,25,15,13,2
6,3,3,0,109.6,93.3,29,27,2,20.7,11.1,27,20,7,57.45,88.89,82.14,26,24,2,21,11,10
5,3,2,0,118.6,85.5,19,39,-20,26.3,7.7,34,30,4,53.13,92.31,77.78,25,9,16,16,8,8
5,3,2,1,101.1,101.1,41,27,14,12.2,11.1,38,29,9,56.72,88.89,90,37,13,24,4,16,-12
2,4,-2,0,96,107.4,25,26,-1,8,15.4,23,24,-1,48.94,88,92,19,13,6,19,14,5
3,2,1,1,101.9,98.1,33,28,5,9.1,7.1,34,25,9,57.63,92.86,90.91,16,22,-6,10,16,-6
2,1,1,0,109.2,90.8,17,39,-22,11.8,2.6,29,30,-1,49.15,97.44,88.24,22,18,4,20,13,7
2,5,-3,0,96.3,109.8,27,29,-2,7.4,17.2,18,33,-15,35.29,88.89,92.59,18,17,1,22,18,4
1,3,-2,1,96.8,106.8,21,26,-5,4.8,11.5,27,32,-5,45.76,92,95.24,25,16,9,17,13,4
3,2,1,1,102.4,97.6,28,24,4,10.7,8.3,23,33,-10,41.07,91.67,89.29,32,15,17,18,13,5
4,1,3,1,114.6,89.4,22,27,-5,18.2,3.7,27,15,12,64.29,96.43,85.71,39,22,17,16,6,10
5,3,2,0,109.9,93,29,41,-12,17.2,7.3,34,36,-2,48.57,92.68,85.71,22,20,2,15,12,3
1,5,-4,0,86.8,116.7,24,24,0,4.2,20.8,39,26,13,60,82.61,95.83,19,28,-9,20,11,9
3,2,1,1,100.9,99.1,35,26,9,8.6,7.7,33,28,5,54.1,92.31,91.43,34,21,13,10,13,-3
3,0,3,1,111.5,92,26,31,-5,11.5,0,24,24,0,50,100,92,27,29,-2,25,14,11
4,3,1,1,108.2,91.8,22,30,-8,18.2,10,19,24,-5,44.19,90,81.82,18,15,3,27,17,10
4,3,1,0,100.7,99.3,34,27,7,11.8,11.1,25,29,-4,46.3,88.89,88.24,13,21,-8,12,15,-3
0,3,-3,1,92.7,107.3,27,41,-14,0,7.3,36,31,5,53.73,92.68,100,25,25,0,14,16,-2
4,1,3,1,110.1,89.9,27,21,6,14.8,4.8,35,27,8,56.45,95.24,85.19,24,20,4,21,7,14
3,1,2,1,110.5,94,20,22,-2,15,4.5,22,29,-7,43.14,95.45,89.47,23,14,9,20,18,2
4,0,4,1,114.8,88.5,27,29,-2,14.8,0,34,28,6,54.84,100,88.46,19,32,-13,12,10,2
1,2,-1,0,97.5,102.5,28,33,-5,3.6,6.1,24,23,1,51.06,93.94,96.43,30,22,8,24,8,16
2,4,-2,0,92.4,111.3,37,24,13,5.4,16.7,32,17,15,65.31,86.96,94.59,18,17,1,13,17,-4
4,1,3,1,109.3,93.7,30,25,5,13.3,4,30,24,6,55.56,96,89.66,34,30,4,15,22,-7
6,4,2,0,99.3,103.1,36,23,13,16.7,17.4,38,19,19,66.67,82.61,85.71,25,21,4,18,11,7
3,4,-1,0,101.3,98.7,23,34,-11,13,11.8,35,23,12,60.34,88.24,86.96,27,20,7,18,19,-1
1,5,-4,1,87.1,116.1,41,27,14,2.4,18.5,41,19,22,68.33,84.62,97.56,21,24,-3,8,23,-15
2,6,-4,0,91.4,108.6,28,38,-10,7.1,15.8,32,38,-6,45.71,84.21,92.86,22,19,3,15,14,1
5,2,3,1,111.4,88.6,29,34,-5,17.2,5.9,17,29,-12,36.96,94.12,82.76,20,20,0,18,14,4
1,4,-3,1,95.4,110.9,35,29,6,2.9,13.8,27,24,3,52.94,92.59,97.14,20,19,1,11,22,-11
6,2,4,1,117.2,82.8,26,34,-8,23.1,5.9,33,27,6,55,94.12,76.92,28,26,2,17,8,9
4,2,2,1,103.4,99.3,33,23,10,12.1,8.7,25,22,3,53.19,91.3,90.63,17,14,3,17,10,7
4,2,2,0,109.5,90.5,22,23,-1,18.2,8.7,26,28,-2,48.15,91.3,81.82,11,31,-20,27,11,16
0,1,-1,0,96.3,103.7,48,27,21,0,3.7,24,12,12,66.67,96.3,100,20,20,0,15,25,-10
1,6,-5,0,83.7,116.3,23,29,-6,4.3,20.7,29,31,-2,48.33,79.31,95.65,19,11,8,11,21,-10
7,3,4,0,109.8,92.5,36,31,5,19.4,9.7,34,34,0,50,90.32,82.86,14,20,-6,15,12,3
5,3,2,0,102.2,97.8,34,24,10,14.7,12.5,32,32,0,50,87.5,85.29,13,11,2,7,8,-1
3,4,-1,1,97.5,102.5,42,31,11,7.1,9.7,28,39,-11,41.79,90.32,92.86,18,25,-7,15,18,-3
7,1,6,1,111.8,88.2,41,19,22,17.1,5.3,33,25,8,56.9,94.74,82.93,17,22,-5,16,12,4
4,1,3,1,111.3,91.9,28,33,-5,14.3,3,25,26,-1,49.02,96.97,88.89,12,36,-24,17,12,5
2,4,-2,1,90.9,113.3,30,20,10,6.7,20,31,39,-8,44.29,84.21,93.33,28,26,2,19,15,4
3,1,2,1,107.8,95.5,28,34,-6,10.7,2.9,36,21,15,63.16,97.06,92.59,28,33,-5,17,14,3
5,2,3,0,109.2,90.8,31,29,2,16.1,6.9,23,22,1,51.11,93.1,83.87,15,15,0,17,12,5
1,2,-1,0,100.4,99.6,15,32,-17,6.7,6.3,32,20,12,61.54,93.75,93.33,28,28,0,12,16,-4
0,8,-8,0,63.6,136.4,25,22,3,0,36.4,30,32,-2,48.39,63.64,100,23,11,12,9,23,-14
1,5,-4,1,74.5,130.5,19,14,5,5.3,35.7,35,21,14,62.5,69.23,94.74,26,32,-6,15,25,-10
6,4,2,1,109.2,94,25,27,-2,24,14.8,34,31,3,52.31,85.19,79.17,23,13,10,23,13,10
5,2,3,1,108.7,97.4,31,27,4,16.1,7.4,29,31,-2,48.33,92.59,90,18,24,-6,9,16,-7
1,7,-6,0,87.1,112.9,30,43,-13,3.3,16.3,29,28,1,50.88,83.72,96.67,22,18,4,13,22,-9
3,1,2,0,107.8,96.2,23,19,4,13,5.3,35,20,15,63.64,94.74,90.91,17,38,-21,18,20,-2
2,4,-2,0,94.4,109.4,25,23,2,8,17.4,36,24,12,60,86.36,92,18,32,-14,11,12,-1
3,2,1,1,98.2,101.8,39,21,18,7.7,9.5,36,28,8,56.25,90.48,92.31,20,24,-4,20,18,2
3,4,-1,1,97.6,102.4,33,26,7,9.1,11.5,31,34,-3,47.69,88.46,90.91,22,21,1,11,23,-12
3,4,-1,0,91.7,108.3,39,25,14,7.7,16,35,28,7,55.56,84,92.31,12,20,-8,11,11,0
4,2,2,0,116.1,83.9,19,40,-21,21.1,5,30,19,11,61.22,95,78.95,19,13,6,13,15,-2
1,3,-2,1,93.7,106.3,25,29,-4,4,10.3,25,30,-5,45.45,89.66,96,18,18,0,20,12,8
6,1,5,1,113.1,86.9,31,16,15,19.4,6.3,26,27,-1,49.06,93.75,80.65,21,31,-10,11,21,-10
2,1,1,1,101,99,36,22,14,5.6,4.5,40,25,15,61.54,95.45,94.44,24,28,-4,9,19,-10
2,1,1,1,100,100,32,16,16,6.3,6.3,26,30,-4,46.43,93.75,93.75,19,25,-6,20,12,8
3,5,-2,0,94.7,108.5,28,26,2,10.7,19.2,37,27,10,57.81,84,89.29,20,24,-4,20,23,-3
5,4,1,0,105.3,94.7,27,42,-15,14.8,9.5,24,34,-10,41.38,90.48,85.19,13,13,0,13,13,0
3,7,-4,0,91.5,110.7,39,38,1,7.7,18.4,29,40,-11,42.03,83.78,92.31,21,16,5,10,14,-4
3,2,1,0,100,100,33,22,11,9.1,9.1,27,30,-3,47.37,90.91,90.91,20,19,1,14,16,-2
3,2,1,1,97.1,102.9,42,20,22,7.1,10,43,26,17,62.32,90,92.86,29,24,5,13,19,-6
1,2,-1,1,97.1,102.9,25,29,-4,4,6.9,21,35,-14,37.5,93.1,96,12,23,-11,9,8,1
2,3,-1,1,92.8,107.2,34,23,11,5.9,13,37,23,14,61.67,86.96,94.12,23,19,4,17,20,-3
2,3,-1,1,96.6,103.4,29,29,0,6.9,10.3,29,38,-9,43.28,89.66,93.1,24,35,-11,20,19,1
1,3,-2,0,91.7,108.3,35,27,8,2.9,11.1,29,26,3,52.73,88.89,97.14,18,18,0,8,19,-11
2,5,-3,0,96.2,106.7,19,29,-10,10.5,17.2,25,30,-5,45.45,85.71,89.47,12,24,-12,15,12,3
4,0,4,0,113.8,86.2,29,26,3,13.8,0,22,20,2,52.38,100,86.21,15,14,1,12,6,6
5,2,3,1,109.9,93.2,28,25,3,17.9,8,37,22,15,62.71,92,85.19,27,21,6,17,13,4
4,2,2,1,103.8,96.2,33,24,9,12.1,8.3,22,32,-10,40.74,91.67,87.88,13,33,-20,18,10,8
3,5,-2,1,93,110.3,31,25,6,9.7,20,36,31,5,53.73,83.33,90.32,18,21,-3,18,13,5
3,5,-2,1,93.5,106.5,25,27,-2,12,18.5,31,32,-1,49.21,81.48,88,19,22,-3,14,17,-3
1,2,-1,1,98.3,101.7,22,32,-10,4.5,6.3,30,29,1,50.85,93.75,95.45,23,25,-2,22,24,-2
2,1,1,1,102.4,97.6,26,19,7,7.7,5.3,30,26,4,53.57,94.74,92.31,23,11,12,10,22,-12
1,4,-3,1,97.4,108.3,26,33,-7,3.8,12.1,29,30,-1,49.15,93.55,96.15,26,34,-8,24,16,8
2,3,-1,0,95.4,104.6,35,29,6,5.7,10.3,30,24,6,55.56,89.66,94.29,21,16,5,19,9,10
5,3,2,0,107.7,95.5,26,26,0,19.2,11.5,32,27,5,54.24,88.46,84,21,36,-15,16,11,5
1,4,-3,0,95.6,106.8,27,38,-11,3.7,10.5,21,25,-4,45.65,91.89,96.3,15,4,11,14,12,2
2,5,-3,0,94.2,108.5,30,33,-3,6.7,15.2,29,30,-1,49.15,87.5,93.33,9,24,-15,12,23,-11
1,4,-3,1,97.1,108,35,37,-2,2.9,10.8,35,33,2,51.47,94.29,97.14,10,19,-9,19,12,7
2,3,-1,1,97.3,102.7,26,29,-3,7.7,10.3,25,31,-6,44.64,89.66,92.31,19,20,-1,21,20,1
4,5,-1,1,102.7,97.3,25,30,-5,16,13.3,36,29,7,55.38,86.67,84,13,19,-6,25,20,5
2,1,1,0,107.7,92.3,18,29,-11,11.1,3.4,29,17,12,63.04,96.55,88.89,9,11,-2,10,14,-4
3,2,1,1,102,98,31,26,5,9.7,7.7,23,31,-8,42.59,92.31,90.32,22,33,-11,17,20,-3
4,3,1,0,96.4,103.6,40,22,18,10,13.6,32,30,2,51.61,86.36,90,17,15,2,12,18,-6
4,1,3,0,113.2,90.5,23,24,-1,17.4,4.2,23,30,-7,43.4,95.83,86.36,10,23,-13,23,11,12
4,5,-1,1,105.5,94.5,25,38,-13,16,10.5,35,31,4,53.03,89.47,84,14,27,-13,13,13,0
4,2,2,0,107.7,92.3,25,24,1,16,8.3,23,32,-9,41.82,91.67,84,22,23,-1,18,11,7
5,2,3,0,109.9,90.1,28,25,3,17.9,8,24,36,-12,40,92,82.14,9,39,-30,19,13,6
1,2,-1,1,93.2,106.8,37,21,16,2.7,9.5,32,24,8,57.14,90.48,97.3,19,11,8,23,21,2
6,0,6,0,121.4,78.6,28,29,-1,21.4,0,19,32,-13,37.25,100,78.57,5,14,-9,20,9,11
3,4,-1,1,97.2,102.8,31,32,-1,9.7,12.5,28,25,3,52.83,87.5,90.32,16,8,8,23,7,16
3,2,1,0,95,105,29,13,16,10.3,15.4,19,26,-7,42.22,84.62,89.66,15,44,-29,15,24,-9
2,3,-1,0,99.1,100.9,26,35,-9,7.7,8.6,28,33,-5,45.9,91.43,92.31,21,34,-13,13,10,3
6,1,5,0,116.4,83.6,30,28,2,20,3.6,28,31,-3,47.46,96.43,80,31,42,-11,15,8,7
0,1,-1,0,96.8,103.2,22,31,-9,0,3.2,27,31,-4,46.55,96.77,100,10,24,-14,20,14,6
2,6,-4,1,82.7,117.3,26,24,2,7.7,25,30,27,3,52.63,75,92.31,10,14,-4,6,20,-14
2,4,-2,1,95.5,107.5,32,29,3,6.3,13.8,39,25,14,60.94,89.29,93.75,12,30,-18,8,25,-17
4,1,3,1,117,83,21,50,-29,19,2,30,43,-13,41.1,98,80.95,11,12,-1,26,14,12
0,4,-4,0,85,119,27,21,6,0,19,21,27,-6,43.75,85,100,18,35,-17,9,12,-3
4,2,2,0,99.6,103.3,31,15,16,12.9,13.3,37,25,12,59.68,86.67,90,21,30,-9,17,18,-1
0,3,-3,0,92.6,110.7,21,28,-7,0,10.7,26,31,-5,45.61,92.59,100,19,24,-5,5,18,-13
3,4,-1,0,104.4,95.6,19,35,-16,15.8,11.4,27,24,3,52.94,88.57,84.21,21,22,-1,9,14,-5
5,1,4,1,114.6,85.4,28,31,-3,17.9,3.2,38,28,10,57.58,96.77,82.14,15,30,-15,12,21,-9
4,5,-1,1,106.5,93.5,23,46,-23,17.4,10.9,39,33,6,54.17,89.13,82.61,21,29,-8,18,14,4
2,3,-1,0,94.6,105.4,26,23,3,7.7,13,36,24,12,60,86.96,92.31,20,26,-6,13,15,-2
1,5,-4,1,84.6,115.4,26,26,0,3.8,19.2,41,16,25,71.93,80.77,96.15,15,27,-12,10,19,-9
0,4,-4,1,81.8,118.2,31,22,9,0,18.2,35,24,11,59.32,81.82,100,29,38,-9,12,16,-4
2,1,1,1,101.7,98.3,32,22,10,6.3,4.5,26,23,3,53.06,95.45,93.75,12,29,-17,8,19,-11
4,5,-1,0,98.6,101.4,30,34,-4,13.3,14.7,42,26,16,61.76,85.29,86.67,9,19,-10,20,19,1
0,3,-3,0,90.6,109.4,20,32,-12,0,9.4,25,19,6,56.82,90.63,100,8,29,-21,21,9,12
6,5,1,0,108.4,91.6,26,34,-8,23.1,14.7,28,37,-9,43.08,85.29,76.92,12,18,-6,15,13,2
5,4,1,0,104.4,95.6,26,27,-1,19.2,14.8,36,33,3,52.17,85.19,80.77,13,20,-7,20,20,0
5,2,3,1,110.8,92.3,27,26,1,18.5,7.7,30,30,0,50,92.31,84.62,20,24,-4,23,12,11
1,4,-3,1,95.9,107,17,31,-14,5.9,12.9,19,34,-15,35.85,90,94.12,24,15,9,7,15,-8
2,1,1,1,99.2,100.8,37,16,21,5.4,6.3,22,25,-3,46.81,93.75,94.59,17,18,-1,9,16,-7
2,3,-1,1,105.2,94.8,14,33,-19,14.3,9.1,33,24,9,57.89,90.91,85.71,17,30,-13,17,11,6
4,1,3,0,110.2,92.8,30,32,-2,13.3,3.1,36,29,7,55.38,96.88,89.66,14,16,-2,11,19,-8
6,5,1,0,103.9,99.1,32,28,4,18.8,17.9,22,31,-9,41.51,85.19,81.25,29,14,15,9,20,-11
2,3,-1,1,101,99,21,35,-14,9.5,8.6,31,32,-1,49.21,91.43,90.48,27,7,20,21,14,7
6,2,4,1,116.8,83.2,26,32,-6,23.1,6.3,25,32,-7,43.86,93.75,76.92,31,31,0,9,5,4
0,5,-5,1,77.8,126.3,24,19,5,0,26.3,20,22,-2,47.62,77.78,100,30,15,15,10,24,-14
1,3,-2,0,93.1,106.9,24,27,-3,4.2,11.1,28,30,-2,48.28,88.89,95.83,50,24,26,8,11,-3
6,7,-1,0,100.4,99.6,37,38,-1,16.2,15.8,23,48,-25,32.39,84.21,83.78,23,22,1,14,12,2
5,2,3,0,112.9,90.5,25,28,-3,20,7.1,25,30,-5,45.45,92.86,83.33,21,28,-7,12,18,-6
4,3,1,0,98.7,101.3,28,25,3,10.7,12,30,24,6,55.56,88,89.29,22,16,6,17,11,6
3,5,-2,0,71.3,134,39,12,27,7.7,41.7,31,24,7,56.36,63.64,92.31,37,57,-20,12,11,1
3,4,-1,0,102.9,97.1,18,29,-11,16.7,13.8,17,32,-15,34.69,86.21,83.33,29,41,-12,17,23,-6
6,2,4,1,118.2,85.3,22,22,0,27.3,9.1,19,23,-4,45.24,90.91,76.19,28,27,1,16,12,4
1,3,-2,1,96.2,107.8,19,23,-4,5.3,13,20,35,-15,36.36,90.91,94.74,38,17,21,20,18,2
6,2,4,1,129.5,70.5,15,19,-4,40,10.5,17,26,-9,39.53,89.47,60,29,25,4,18,19,-1
4,3,1,0,96.6,103.4,31,23,8,9.7,13,27,34,-7,44.26,86.96,90.32,18,29,-11,24,11,13
2,4,-2,1,94.9,108.4,31,27,4,6.5,14.8,35,28,7,55.56,88.46,93.55,23,31,-8,21,17,4
1,4,-3,1,87.7,116.7,23,19,4,4.3,21.1,30,22,8,57.69,83.33,95.65,36,12,24,12,15,-3
3,1,2,1,112.4,92.1,20,38,-18,15,2.6,15,25,-10,37.5,97.37,89.47,29,31,-2,21,16,5
3,2,1,1,95.8,104.2,36,16,20,8.3,12.5,41,17,24,70.69,87.5,91.67,26,20,6,15,12,3
3,6,-3,0,87.9,115.3,31,24,7,9.7,25,26,33,-7,44.07,78.26,90.32,29,24,5,20,12,8
2,5,-3,0,91.7,111.7,24,25,-1,8.3,20,22,27,-5,44.9,83.33,91.67,19,15,4,17,13,4
3,2,1,0,110,90,17,26,-9,17.6,7.7,26,27,-1,49.06,92.31,82.35,28,27,1,17,10,7
1,2,-1,0,100,100,16,32,-16,6.3,6.3,30,26,4,53.57,93.75,93.75,25,19,6,12,20,-8
1,3,-2,0,97.1,105.6,34,35,-1,2.9,8.6,28,28,0,50,94.12,97.06,34,10,24,17,19,-2
2,1,1,1,104.4,95.6,25,28,-3,8,3.6,17,27,-10,38.64,96.43,92,22,19,3,15,11,4
2,1,1,0,105.4,94.6,24,34,-10,8.3,2.9,27,36,-9,42.86,97.06,91.67,18,26,-8,11,24,-13
3,0,3,1,109.7,93.3,31,25,6,9.7,0,27,31,-4,46.55,100,93.33,25,23,2,12,14,-2
2,3,-1,1,90.7,109.3,27,18,9,7.4,16.7,35,24,11,59.32,83.33,92.59,24,15,9,17,19,-2
3,5,-2,0,88.9,120.9,29,16,13,10.3,31.3,23,30,-7,43.4,78.57,89.66,30,24,6,13,17,-4
3,1,2,0,110.5,93.6,22,32,-10,13.6,3.1,17,33,-16,34,96.88,90.48,19,24,-5,10,7,3
5,2,3,0,109,93.9,30,26,4,16.7,7.7,24,30,-6,44.44,92.31,86.21,14,21,-7,14,16,-2
2,1,1,1,104.4,95,27,33,-6,7.4,3,23,28,-5,45.1,96.97,92,24,15,9,20,15,5
2,6,-4,0,90,110,26,34,-8,7.7,17.6,34,26,8,56.67,82.35,92.31,25,19,6,13,12,1
2,3,-1,1,94.3,105.7,34,26,8,5.9,11.5,25,25,0,50,88.46,94.12,15,19,-4,12,11,1
3,2,1,1,97.8,102.2,27,15,12,11.1,13.3,30,22,8,57.69,86.67,88.89,18,9,9,13,18,-5
1,5,-4,1,81,119,21,21,0,4.8,23.8,29,35,-6,45.31,76.19,95.24,22,12,10,12,17,-5
1,6,-5,0,86,114,24,33,-9,4.2,18.2,24,29,-5,45.28,81.82,95.83,29,26,3,14,20,-6
3,0,3,0,116.7,88.9,18,20,-2,16.7,0,24,25,-1,48.98,100,88.89,22,11,11,21,14,7
0,2,-2,0,90,110,14,20,-6,0,10,32,28,4,53.33,90,100,25,10,15,13,27,-14
1,2,-1,0,92.1,107.9,31,18,13,3.2,11.1,26,29,-3,47.27,88.89,96.77,27,20,7,18,13,5
4,5,-1,0,99.2,100.8,20,24,-4,20,20.8,19,27,-8,41.3,79.17,80,39,30,9,17,9,8
0,3,-3,1,94.1,115.8,27,19,8,0,15.8,27,27,0,50,94.12,100,51,21,30,14,19,-5
4,3,1,0,102.5,97.5,22,27,-5,13.6,11.1,30,27,3,52.63,88.89,86.36,20,19,1,16,17,-1
1,3,-2,0,97,106.2,24,29,-5,4.2,10.3,34,31,3,52.31,92.86,95.83,29,28,1,16,11,5
4,5,-1,1,100.9,99.1,22,29,-7,18.2,17.2,26,23,3,53.06,82.76,81.82,24,8,16,18,13,5
4,3,1,1,106.3,93.7,24,29,-5,16.7,10.3,35,24,11,59.32,89.66,83.33,27,18,9,22,7,15
4,5,-1,1,93.3,106.7,25,22,3,16,22.7,21,31,-10,40.38,77.27,84,28,13,15,11,16,-5
1,3,-2,0,95,109.3,20,21,-1,5,14.3,19,20,-1,48.72,90,95,21,16,5,16,20,-4
2,3,-1,0,98,102,26,31,-5,7.7,9.7,31,23,8,57.41,90.32,92.31,33,22,11,20,17,3
3,1,2,1,108.8,94.9,25,31,-6,12,3.2,27,26,1,50.94,96.77,91.67,30,19,11,18,8,10
1,5,-4,1,87.1,112.9,20,28,-8,5,17.9,32,31,1,50.79,82.14,95,30,18,12,15,21,-6
4,0,4,1,121.1,78.9,19,27,-8,21.1,0,32,25,7,56.14,100,78.95,26,25,1,18,7,11
3,4,-1,1,96,104,25,25,0,12,16,29,35,-6,45.31,84,88,30,15,15,14,18,-4
2,4,-2,1,98.6,104.1,25,33,-8,8,12.1,24,20,4,54.55,90.63,92,28,9,19,17,11,6
5,2,3,1,123.2,81.3,17,32,-15,29.4,6.3,38,26,12,59.38,93.75,75,28,18,10,18,11,7
2,3,-1,0,95.9,104.1,32,29,3,6.3,10.3,26,20,6,56.52,89.66,93.75,14,20,-6,16,7,9
5,4,1,0,102.7,97.3,32,31,1,15.6,12.9,34,34,0,50,87.1,84.38,33,27,6,14,17,-3
4,3,1,0,109.4,90.6,22,34,-12,18.2,8.8,27,29,-2,48.21,91.18,81.82,24,18,6,17,15,2
4,5,-1,0,92.1,107.9,29,23,6,13.8,21.7,20,37,-17,35.09,78.26,86.21,32,11,21,10,22,-12
2,0,2,0,113.3,92.9,15,33,-18,13.3,0,25,36,-11,40.98,100,92.86,30,29,1,26,11,15
4,3,1,0,108.7,91.3,21,29,-8,19,10.3,19,36,-17,34.55,89.66,80.95,37,36,1,19,7,12
3,4,-1,1,100.4,99.6,24,33,-9,12.5,12.1,22,45,-23,32.84,87.88,87.5,24,16,8,13,14,-1
3,5,-2,1,92.1,111.6,27,22,5,11.1,22.7,27,24,3,52.94,80.95,88.89,26,25,1,14,19,-5
4,1,3,1,108.7,97,33,29,4,12.1,3.4,32,19,13,62.75,96.55,93.55,35,14,21,10,18,-8
2,5,-3,1,94.8,107.9,26,32,-6,7.7,15.6,22,32,-10,40.74,87.1,92.31,26,14,12,14,16,-2
3,1,2,1,105.9,94.1,32,29,3,9.4,3.4,36,25,11,59.02,96.55,90.63,19,13,6,16,7,9
3,7,-4,1,92.4,107.6,20,31,-11,15,22.6,32,28,4,53.33,77.42,85,34,10,24,11,8,3
4,2,2,0,110.2,98.1,23,28,-5,17.4,7.1,25,24,1,51.02,92.86,90.91,33,26,7,18,21,-3
5,1,4,0,109,91,37,22,15,13.5,4.5,34,29,5,53.97,95.45,86.49,17,16,1,7,19,-12
3,2,1,0,102,98,28,23,5,10.7,8.7,19,20,-1,48.72,91.3,89.29,24,21,3,13,22,-9
0,6,-6,1,72.7,127.3,20,22,-2,0,27.3,29,28,1,50.88,72.73,100,43,20,23,14,15,-1
3,4,-1,1,98.6,101.4,27,32,-5,11.1,12.5,28,26,2,51.85,87.5,88.89,28,23,5,8,12,-4
4,3,1,1,99.3,100.7,34,24,10,11.8,12.5,32,24,8,57.14,87.5,88.24,24,16,8,9,13,-4
6,3,3,0,111.2,88.8,30,34,-4,20,8.8,25,37,-12,40.32,91.18,80,25,16,9,12,14,-2
3,0,3,0,109.4,90.6,32,26,6,9.4,0,28,29,-1,49.12,100,90.63,37,28,9,10,12,-2
3,2,1,0,101.9,98.1,33,28,5,9.1,7.1,30,31,-1,49.18,92.86,90.91,41,35,6,18,10,8
1,4,-3,0,92.2,111.1,27,27,0,3.7,14.8,28,23,5,54.9,88.46,96.3,23,13,10,15,19,-4
2,3,-1,1,101.2,98.8,26,31,-5,7.7,6.5,37,27,10,57.81,93.55,92.31,25,21,4,12,20,-8
5,6,-1,1,97.8,102.2,24,26,-2,20.8,23.1,35,30,5,53.85,76.92,79.17,13,18,-5,12,22,-10
4,1,3,0,107,95.9,31,17,14,12.9,5.9,34,19,15,64.15,94.12,90,15,24,-9,15,7,8
4,5,-1,0,95.2,104.8,42,28,14,9.5,14.3,40,34,6,54.05,85.71,90.48,13,22,-9,19,19,0
5,3,2,1,99.6,103.4,29,17,12,17.2,17.6,32,24,8,57.14,82.35,85.71,11,20,-9,18,21,-3
2,1,1,1,104,96,25,25,0,8,4,35,28,7,55.56,96,92,12,14,-2,20,22,-2
2,3,-1,0,104,96,21,36,-15,9.5,5.6,34,37,-3,47.89,94.44,90.48,16,27,-11,15,11,4
3,2,1,0,99,101,35,21,14,8.6,9.5,32,31,1,50.79,90.48,91.43,7,27,-20,14,21,-7
3,2,1,0,100.1,99.9,34,23,11,8.8,8.7,35,35,0,50,91.3,91.18,14,38,-24,21,11,10
0,4,-4,1,85.7,118.2,26,22,4,0,18.2,31,25,6,55.36,85.71,100,24,29,-5,15,18,-3
2,3,-1,1,94.1,105.9,22,20,2,9.1,15,24,29,-5,45.28,85,90.91,13,30,-17,6,14,-8
3,1,2,0,106.2,97,29,24,5,10.3,4.2,25,28,-3,47.17,95.83,92.86,19,31,-12,13,8,5
5,3,2,0,108.4,95.2,22,21,1,22.7,14.3,26,28,-2,48.15,85.71,80.95,18,19,-1,13,13,0
5,1,4,0,109,93.4,38,24,14,13.2,4.2,30,21,9,58.82,95.83,89.19,21,24,-3,9,14,-5
4,2,2,1,107.9,95.1,30,37,-7,13.3,5.4,25,33,-8,43.1,94.59,89.66,14,27,-13,12,5,7
6,3,3,1,107,95.4,36,31,5,16.7,9.7,30,29,1,50.85,90.32,85.71,20,19,1,18,15,3
5,1,4,1,110.4,89.6,32,19,13,15.6,5.3,22,32,-10,40.74,94.74,84.38,16,29,-13,15,12,3
0,3,-3,0,88.9,111.1,18,27,-9,0,11.1,27,23,4,54,88.89,100,21,15,6,10,16,-6
3,4,-1,0,107.7,92.3,19,37,-18,15.8,8.1,19,48,-29,28.36,91.89,84.21,22,36,-14,14,13,1
4,0,4,0,113.8,89.3,29,27,2,13.8,0,17,25,-8,40.48,100,89.29,11,31,-20,21,7,14
2,3,-1,0,87.8,112.2,37,17,20,5.4,17.6,31,28,3,52.54,82.35,94.59,10,16,-6,9,22,-13
5,6,-1,1,98.5,101.5,32,35,-3,15.6,17.1,38,24,14,61.29,82.86,84.38,17,29,-12,18,17,1
4,0,4,1,114.8,85.2,27,22,5,14.8,0,19,24,-5,44.19,100,85.19,15,26,-11,13,9,4
5,2,3,1,113.5,86.5,25,31,-6,20,6.5,24,41,-17,36.92,93.55,80,26,39,-13,14,14,0
2,0,2,1,108.3,91.7,24,25,-1,8.3,0,25,26,-1,49.02,100,91.67,20,23,-3,10,12,-2
7,5,2,1,98.5,101.5,33,22,11,21.2,22.7,36,26,10,58.06,77.27,78.79,17,20,-3,14,16,-2
2,5,-3,0,82.4,117.6,23,19,4,8.7,26.3,26,27,-1,49.06,73.68,91.3,23,17,6,15,19,-4
3,1,2,1,105.6,97.1,35,34,1,8.6,2.9,28,28,0,50,97.06,94.12,10,34,-24,19,17,2
4,3,1,0,98,102,38,24,14,10.5,12.5,27,34,-7,44.26,87.5,89.47,6,21,-15,13,17,-4
3,1,2,0,100.8,99.2,40,15,25,7.5,6.7,27,29,-2,48.21,93.33,92.5,10,22,-12,7,13,-6
1,2,-1,0,88.7,111.3,34,14,20,2.9,14.3,28,27,1,50.91,85.71,97.06,21,26,-5,13,11,2
2,4,-2,0,91.3,108.7,36,28,8,5.6,14.3,26,34,-8,43.33,85.71,94.44,22,38,-16,11,15,-4
1,2,-1,1,95.5,104.5,26,24,2,3.8,8.3,27,19,8,58.7,91.67,96.15,10,18,-8,11,13,-2
3,4,-1,1,96.4,103.6,28,28,0,10.7,14.3,34,31,3,52.31,85.71,89.29,27,15,12,15,23,-8
4,1,3,1,112.4,90.9,26,34,-8,15.4,2.9,35,32,3,52.24,97.06,88,14,36,-22,16,14,2
3,4,-1,0,99.5,100.5,21,27,-6,14.3,14.8,29,27,2,51.79,85.19,85.71,18,21,-3,24,17,7
4,2,2,0,101.1,101.8,31,17,14,12.9,11.8,27,30,-3,47.37,88.24,90,15,29,-14,18,5,13
4,5,-1,1,98.2,101.8,32,28,4,12.5,14.3,34,36,-2,48.57,85.71,87.5,22,16,6,13,26,-13
3,5,-2,0,86.8,113.2,35,23,12,8.6,21.7,25,35,-10,41.67,78.26,91.43,29,29,0,12,23,-11
2,3,-1,0,95.7,104.3,31,28,3,6.5,10.7,26,41,-15,38.81,89.29,93.55,19,18,1,22,14,8
3,5,-2,0,95.5,108.1,22,23,-1,13.6,21.7,24,29,-5,45.28,81.82,86.36,18,18,0,19,14,5
4,1,3,1,104.6,95.4,37,16,21,10.8,6.3,22,28,-6,44,93.75,89.19,23,27,-4,10,16,-6
1,2,-1,1,95.6,104.4,30,26,4,3.3,7.7,37,18,19,67.27,92.31,96.67,21,14,7,11,21,-10
0,4,-4,1,85,119,30,21,9,0,19,16,28,-12,36.36,85,100,12,19,-7,8,21,-13
4,2,2,0,100,102.2,42,21,21,9.5,9.5,34,17,17,66.67,90.48,92.68,25,28,-3,19,15,4
3,1,2,1,104.9,95.1,33,24,9,9.1,4.2,20,27,-7,42.55,95.83,90.91,19,17,2,17,10,7
5,2,3,1,110.5,92.6,27,25,2,18.5,8,27,20,7,57.45,92,84.62,22,17,5,16,13,3
2,3,-1,1,93.3,106.7,29,22,7,6.9,13.6,17,24,-7,41.46,86.36,93.1,22,39,-17,11,11,0
3,0,3,1,108.1,94.4,37,31,6,8.1,0,30,31,-1,49.18,100,94.44,12,20,-8,17,17,0
6,3,3,0,104.7,97.7,36,25,11,16.7,12,27,31,-4,46.55,88,85.71,11,19,-8,25,13,12
3,1,2,1,106,94,33,32,1,9.1,3.1,28,28,0,50,96.88,90.91,13,18,-5,16,10,6
6,2,4,1,109,93.5,34,23,11,17.6,8.7,30,35,-5,46.15,91.3,84.85,12,26,-14,14,15,-1
3,1,2,1,109.3,95,21,20,1,14.3,5,20,19,1,51.28,95,90,16,21,-5,20,16,4
3,2,1,0,102,98,27,22,5,11.1,9.1,35,29,6,54.69,90.91,88.89,20,13,7,16,17,-1
3,6,-3,0,89.5,110.5,42,34,8,7.1,17.6,38,28,10,57.58,82.35,92.86,31,18,13,11,23,-12
3,2,1,0,98.3,101.7,36,20,16,8.3,10,27,23,4,54,90,91.67,27,31,-4,12,25,-13
3,2,1,1,105.7,94.3,28,40,-12,10.7,5,32,32,0,50,95,89.29,19,15,4,18,14,4
4,1,3,0,107.1,95.6,33,20,13,12.1,5,35,17,18,67.31,95,90.63,11,17,-6,17,14,3
1,0,1,1,106.3,93.8,16,28,-12,6.3,0,21,30,-9,41.18,100,93.75,6,12,-6,22,16,6
0,6,-6,1,78.6,121.4,29,28,1,0,21.4,32,19,13,62.75,78.57,100,14,5,9,9,20,-11
4,3,1,1,101.3,98.7,30,25,5,13.3,12,33,15,18,68.75,88,86.67,17,22,-5,8,12,-4
1,2,-1,0,102.3,97.7,19,34,-15,5.3,2.9,24,26,-2,48,97.06,94.74,10,10,0,28,11,17
5,4,1,0,102.2,97.8,30,36,-6,13.3,11.1,31,30,1,50.82,88.89,86.67,28,14,14,14,15,-1
6,2,4,0,109.7,90.3,28,17,11,21.4,11.8,26,25,1,50.98,88.24,78.57,19,40,-21,17,13,4
3,2,1,0,104.4,95.6,32,40,-8,9.4,5,27,35,-8,43.55,95,90.63,30,36,-6,23,11,12
0,3,-3,0,92,111.5,31,26,5,0,11.5,24,24,0,50,92,100,29,27,2,14,25,-11
2,5,-3,1,88.1,115.2,42,25,17,4.8,20,37,34,3,52.11,83.33,95.24,26,18,8,16,18,-2
4,2,2,0,107.5,95.5,29,32,-3,13.8,6.3,25,39,-14,39.06,93.75,89.29,30,12,18,25,8,17
3,2,1,0,99.4,100.6,39,24,15,7.7,8.3,30,21,9,58.82,91.67,92.31,19,20,-1,17,16,1
2,5,-3,1,94.1,108.5,32,34,-2,6.3,14.7,27,40,-13,40.3,87.88,93.75,27,13,14,14,17,-3
3,4,-1,0,100,100,24,32,-8,12.5,12.5,26,28,-2,48.15,87.5,87.5,26,31,-5,10,16,-6
4,2,2,0,104.5,98.1,35,29,6,11.4,6.9,28,29,-1,49.12,93.1,91.18,16,29,-13,14,8,6
4,3,1,1,95.6,104.4,35,19,16,11.4,15.8,24,27,-3,47.06,84.21,88.57,22,21,1,14,9,5
3,6,-3,0,89.3,110.7,26,27,-1,11.5,22.2,28,28,0,50,77.78,88.46,21,27,-6,7,10,-3
5,0,5,1,113.2,86.8,38,16,22,13.2,0,37,27,10,57.81,100,86.84,10,23,-13,23,23,0
7,3,4,1,105.1,94.9,42,26,16,16.7,11.5,27,26,1,50.94,88.46,83.33,17,35,-18,13,16,-3
6,4,2,1,111.2,91.7,28,39,-11,21.4,10.3,38,33,5,53.52,89.74,81.48,32,28,4,12,20,-8
6,1,5,1,117.1,82.9,30,35,-5,20,2.9,32,18,14,64,97.14,80,21,35,-14,21,12,9
3,4,-1,0,103.4,96.6,26,49,-23,11.5,8.2,38,29,9,56.72,91.84,88.46,25,17,8,28,17,11
3,4,-1,0,96,104,25,25,0,12,16,26,20,6,56.52,84,88,16,22,-6,20,9,11
2,4,-2,0,89.5,110.5,26,22,4,7.7,18.2,25,30,-5,45.45,81.82,92.31,9,24,-15,15,13,2
3,1,2,1,105,95,32,23,9,9.4,4.3,23,20,3,53.49,95.65,90.63,16,23,-7,18,15,3
4,3,1,1,100.6,99.4,28,22,6,14.3,13.6,25,28,-3,47.17,86.36,85.71,10,18,-8,15,11,4
8,4,4,1,125.6,77.5,21,32,-11,38.1,12.5,29,21,8,58,87.5,65,15,19,-4,18,9,9
2,5,-3,0,96.8,103.2,20,38,-18,10,13.2,29,29,0,50,86.84,90,16,24,-8,20,8,12
3,1,2,0,105.3,97.3,36,33,3,8.3,3,29,36,-7,44.62,96.97,94.29,13,8,5,19,17,2
1,4,-3,1,85.8,114.2,31,23,8,3.2,17.4,47,30,17,61.04,82.61,96.77,32,16,16,16,12,4
0,7,-7,0,73.1,126.9,22,26,-4,0,26.9,32,26,6,55.17,73.08,100,21,22,-1,21,17,4
5,4,1,1,102.5,97.5,28,34,-6,14.3,11.8,20,37,-17,35.09,88.24,85.71,31,12,19,21,12,9
1,4,-3,0,85.3,114.7,29,22,7,3.4,18.2,27,37,-10,42.19,81.82,96.55,20,26,-6,22,18,4
5,3,2,1,103.6,102.9,29,22,7,17.2,13.6,29,18,11,61.7,86.36,89.29,18,12,6,10,14,-4
1,5,-4,0,88.6,111.4,21,31,-10,4.8,16.1,28,29,-1,49.12,83.87,95.24,35,15,20,14,12,2
4,3,1,0,100,100,32,24,8,12.5,12.5,29,32,-3,47.54,87.5,87.5,17,20,-3,15,13,2
5,8,-3,1,85.4,117.5,29,23,6,17.2,34.8,25,28,-3,47.17,68.18,82.76,21,16,5,12,19,-7
2,4,-2,0,91.7,112.4,30,21,9,6.7,19,33,23,10,58.93,85,93.33,13,25,-12,9,22,-13
2,3,-1,0,94.9,105.1,29,25,4,6.9,12,21,18,3,53.85,88,93.1,17,15,2,12,20,-8
6,3,3,1,109.8,90.2,33,36,-3,18.2,8.3,29,30,-1,49.15,91.67,81.82,22,43,-21,20,12,8
3,2,1,1,115.2,88.4,16,28,-12,18.8,7.1,26,26,0,50,96.43,81.25,13,18,-5,13,13,0
4,1,3,1,111.2,88.8,26,24,2,15.4,4.2,17,23,-6,42.5,95.83,84.62,20,21,-1,11,18,-7
5,1,4,0,112.9,87.1,28,20,8,17.9,5,26,23,3,53.06,95,82.14,13,22,-9,4,15,-11
0,3,-3,0,88.9,111.1,21,27,-6,0,11.1,27,29,-2,48.21,88.89,100,21,21,0,10,10,0
7,4,3,0,102.5,99.5,43,29,14,16.3,13.8,29,29,0,50,86.21,85.71,9,22,-13,17,18,-1
4,2,2,1,110.4,93.2,24,32,-8,16.7,6.3,33,26,7,55.93,93.75,86.96,19,18,1,21,9,12
5,2,3,1,107.3,92.7,28,19,9,17.9,10.5,29,26,3,52.73,89.47,82.14,16,12,4,13,14,-1
3,2,1,0,99.8,100.2,26,17,9,11.5,11.8,25,34,-9,42.37,88.24,88.46,22,36,-14,19,14,5
5,4,1,1,98.9,101.1,41,37,4,9.8,10.8,30,40,-10,42.86,89.19,90.24,10,21,-11,27,14,13
1,3,-2,1,93.7,111,21,19,2,4.8,15.8,28,17,11,62.22,88.89,95.24,14,11,3,7,19,-12
2,5,-3,1,88.9,115.2,18,19,-1,11.1,26.3,18,35,-17,33.96,77.78,88.89,18,20,-2,10,17,-7
1,3,-2,1,91.7,108.3,27,25,2,3.7,12,37,30,7,55.22,88,96.3,20,27,-7,15,29,-14
7,3,4,1,108,94.4,35,25,10,20,12,27,22,5,55.1,88,82.35,15,16,-1,9,14,-5
8,3,5,0,117.3,82.7,30,32,-2,26.7,9.4,24,33,-9,42.11,90.63,73.33,21,15,6,23,17,6
4,5,-1,1,94.7,105.3,42,27,15,9.5,14.8,34,24,10,58.62,85.19,90.48,13,13,0,13,13,0
4,3,1,0,108.6,91.4,18,22,-4,22.2,13.6,20,27,-7,42.55,86.36,77.78,9,25,-16,13,10,3
6,3,3,1,114,92.4,26,33,-7,23.1,9.1,25,28,-3,47.17,90.91,83.33,17,46,-29,19,14,5
4,5,-1,1,97.1,102.9,29,30,-1,13.8,16.7,18,27,-9,40,83.33,86.21,24,9,15,13,14,-1
4,5,-1,0,96.7,103.3,35,34,1,11.4,14.7,23,31,-8,42.59,85.29,88.57,20,19,1,5,14,-9
3,1,2,0,110,90,23,33,-10,13,3,29,29,0,50,96.97,86.96,22,15,7,22,12,10
1,2,-1,0,95,104.4,33,27,6,3,7.4,24,20,4,54.55,92,96.97,15,24,-9,15,20,-5
3,0,3,0,109.4,96.8,32,22,10,9.4,0,32,20,12,61.54,100,96.77,8,16,-8,22,8,14
3,2,1,0,115.2,84.8,14,32,-18,21.4,6.3,21,24,-3,46.67,93.75,78.57,14,13,1,18,5,13
4,1,3,1,107.2,95.6,32,19,13,12.5,5.3,29,24,5,54.72,94.74,90.32,27,17,10,17,14,3
1,0,1,0,103.8,96.2,26,24,2,3.8,0,21,19,2,52.5,100,96.15,25,20,5,18,12,6
3,0,3,1,112,88,25,19,6,12,0,23,20,3,53.49,100,88,6,28,-22,14,15,-1
4,1,3,0,122,83,16,33,-17,25,3,25,26,-1,49.02,96.97,80,12,18,-6,27,15,12
2,3,-1,1,101.8,98.2,17,30,-13,11.8,10,25,24,1,51.02,90,88.24,25,19,6,18,14,4
2,1,1,1,107.9,92.1,18,31,-13,11.1,3.2,29,26,3,52.73,96.77,88.89,20,27,-7,13,18,-5
3,4,-1,0,99.6,100.4,28,27,1,10.7,11.1,33,28,5,54.1,88.89,89.29,23,10,13,12,20,-8
7,4,3,1,112.9,89.9,28,33,-5,25,12.1,32,34,-2,48.48,87.88,77.78,20,15,5,22,13,9
3,4,-1,1,100.6,99.4,31,33,-2,9.7,9.1,35,20,15,63.64,90.91,90.32,16,10,6,16,14,2
3,1,2,1,107.4,96,27,27,0,11.1,3.7,30,33,-3,47.62,96.3,92.31,26,16,10,28,20,8
2,4,-2,0,92.6,107.4,27,27,0,7.4,14.8,25,28,-3,47.17,85.19,92.59,24,12,12,9,18,-9
5,2,3,0,110.2,92.5,32,37,-5,15.6,5.4,26,29,-3,47.27,94.59,87.1,17,28,-11,17,9,8
1,4,-3,0,94.8,109.1,11,22,-11,9.1,18.2,17,33,-16,34,85.71,90.91,18,19,-1,11,17,-6
3,1,2,1,110.4,93.8,21,26,-5,14.3,3.8,37,18,19,67.27,96.15,90,21,16,5,14,13,1
3,1,2,1,109.6,90.4,22,25,-3,13.6,4,25,31,-6,44.64,96,86.36,23,12,11,27,13,14
2,3,-1,0,96,104,22,23,-1,9.1,13,27,17,10,61.36,86.96,90.91,12,13,-1,15,13,2
1,3,-2,0,91.3,108.7,26,24,2,3.8,12.5,31,34,-3,47.69,87.5,96.15,22,15,7,14,15,-1
4,2,2,1,103.4,99.5,31,21,10,12.9,9.5,26,31,-5,45.61,90.48,90,27,25,2,17,10,7
2,1,1,0,102.4,97.6,37,33,4,5.4,3,38,24,14,61.29,96.97,94.59,12,19,-7,14,15,-1
4,2,2,0,103.1,96.9,35,24,11,11.4,8.3,26,25,1,50.98,91.67,88.57,23,28,-5,16,17,-1
3,1,2,0,106.8,96.8,26,21,5,11.5,4.8,32,27,5,54.24,95.24,92,16,25,-9,13,17,-4
1,2,-1,1,97.1,102.9,28,31,-3,3.6,6.5,28,27,1,50.91,93.55,96.43,22,30,-8,24,19,5
6,5,1,0,100.2,99.8,32,27,5,18.8,18.5,34,32,2,51.52,81.48,81.25,5,25,-20,11,11,0
5,4,1,1,102.6,97.4,26,24,2,19.2,16.7,28,38,-10,42.42,83.33,80.77,21,21,0,13,19,-6
5,4,1,0,104.9,98.7,32,28,4,15.6,14.3,37,21,16,63.79,89.29,84.38,24,26,-2,15,11,4
4,1,3,0,108.1,97.9,31,21,10,12.9,4.8,33,24,9,57.89,95.24,93.1,23,30,-7,15,17,-2
2,3,-1,1,98.9,105.1,25,33,-8,8,9.1,24,29,-5,45.28,90.91,96,18,14,4,17,28,-11
1,2,-1,1,96,104,29,27,2,3.4,7.4,38,20,18,65.52,92.59,96.55,13,8,5,17,19,-2
6,2,4,0,117.3,82.7,24,26,-2,25,7.7,27,30,-3,47.37,92.31,75,14,10,4,20,6,14
5,2,3,0,115.2,88.1,25,42,-17,20,4.8,34,37,-3,47.89,95.24,83.33,18,26,-8,18,16,2
5,2,3,0,114.5,89.5,20,19,1,25,10.5,33,32,1,50.77,89.47,78.95,18,15,3,18,14,4
3,4,-1,1,99.3,100.7,27,34,-7,11.1,11.8,29,25,4,53.7,88.24,88.89,21,13,8,15,12,3
8,1,7,0,125.6,74.4,27,25,2,29.6,4,24,28,-4,46.15,96,70.37,18,25,-7,18,7,11
2,4,-2,1,96.2,106.6,34,32,2,5.9,12.5,30,29,1,50.85,90.32,94.12,20,19,1,16,18,-2
3,2,1,1,102.6,97.4,36,35,1,8.3,5.7,30,33,-3,47.62,94.29,91.67,34,34,0,19,20,-1
2,4,-2,0,102.7,99.4,21,45,-24,9.5,8.9,31,31,0,50,93.18,90.48,20,10,10,16,11,5
7,2,5,1,126.3,73.7,22,36,-14,31.8,5.6,25,38,-13,39.68,94.44,68.18,14,17,-3,30,10,20
6,3,3,1,97.6,102.4,34,15,19,17.6,20,23,36,-13,38.98,80,82.35,22,23,-1,22,24,-2
5,3,2,1,95.1,106.9,46,19,27,10.9,15.8,34,21,13,61.82,84.21,91.11,17,22,-5,10,13,-3
0,3,-3,0,85.7,114.3,32,21,11,0,14.3,35,25,10,58.33,85.71,100,30,12,18,16,19,-3
6,3,3,1,113.7,93,25,29,-4,24,10.3,26,42,-16,38.24,89.66,82.61,16,32,-16,20,11,9
4,1,3,0,108.2,91.8,29,18,11,13.8,5.6,27,24,3,52.94,94.44,86.21,20,23,-3,16,12,4
6,5,1,0,100.1,99.9,37,31,6,16.2,16.1,25,34,-9,42.37,83.87,83.78,37,31,6,15,15,0
3,2,1,1,103.2,96.8,26,24,2,11.5,8.3,28,31,-3,47.46,91.67,88.46,26,10,16,26,12,14
4,2,2,1,110.5,89.5,22,26,-4,18.2,7.7,30,25,5,54.55,92.31,81.82,24,9,15,13,15,-2
3,5,-2,1,96.9,105.8,32,33,-1,9.4,15.2,23,32,-9,41.82,87.5,90.63,21,19,2,18,15,3
2,1,1,1,101.3,98.7,44,31,13,4.5,3.2,23,26,-3,46.94,96.77,95.45,13,33,-20,14,16,-2
1,4,-3,1,97.7,104.7,18,39,-21,5.6,10.3,26,20,6,56.52,92.11,94.44,19,19,0,17,10,7
5,4,1,0,97,103,42,32,10,9.5,12.5,28,28,0,50,87.5,90.48,28,16,12,7,14,-7
4,0,4,0,111.4,88.6,35,25,10,11.4,0,31,23,8,57.41,100,88.57,44,27,17,15,10,5
3,1,2,1,104.9,98.7,26,15,11,11.5,6.7,24,26,-2,48,93.33,92,26,31,-5,18,20,-2
1,4,-3,0,91.9,111.3,33,28,5,3,14.3,26,25,1,50.98,88.89,96.97,36,12,24,12,17,-5
4,0,4,0,118.2,85.7,22,26,-4,18.2,0,25,31,-6,44.64,100,85.71,29,24,5,18,15,3
1,4,-3,0,89.2,115,20,20,0,5,20,26,23,3,53.06,84.21,95,26,19,7,20,17,3
3,1,2,1,106.9,93.1,27,24,3,11.1,4.2,30,28,2,51.72,95.83,88.89,24,50,-26,11,8,3
4,0,4,1,121.1,78.9,19,24,-5,21.1,0,24,24,0,50,100,78.95,22,31,-9,10,10,0
3,2,1,1,105.1,94.9,25,29,-4,12,6.9,18,21,-3,46.15,93.1,88,15,17,-2,20,12,8
3,5,-2,1,83.3,121.1,36,17,19,8.3,29.4,35,30,5,53.85,75,91.67,24,20,4,7,13,-6
4,3,1,0,107.5,92.5,20,24,-4,20,12.5,27,24,3,52.94,87.5,80,23,16,7,19,18,1
2,6,-4,0,85.3,118.2,22,22,0,9.1,27.3,23,19,4,54.76,76.19,90.91,27,28,-1,12,16,-4
3,2,1,0,102,98,26,21,5,11.5,9.5,27,27,0,50,90.48,88.46,37,21,16,9,17,-8
4,1,3,1,114.2,85.8,22,25,-3,18.2,4,27,29,-2,48.21,96,81.82,35,17,18,17,10,7
2,1,1,1,103.8,96.2,24,22,2,8.3,4.5,27,30,-3,47.37,95.45,91.67,24,29,-5,21,10,11
2,4,-2,0,97.6,105.7,22,27,-5,9.1,14.8,32,26,6,55.17,88.46,90.91,17,11,6,18,15,3
6,1,5,0,112.8,87.2,35,23,12,17.1,4.3,23,28,-5,45.1,95.65,82.86,23,32,-9,19,8,11
4,1,3,0,110.3,89.7,27,22,5,14.8,4.5,24,23,1,51.06,95.45,85.19,6,29,-23,22,11,11
2,3,-1,0,96.8,103.2,28,29,-1,7.1,10.3,29,28,1,50.88,89.66,92.86,16,34,-18,8,26,-18
1,2,-1,1,100.2,99.8,30,32,-2,3.3,3.1,28,24,4,53.85,96.88,96.67,29,28,1,12,22,-10
1,2,-1,0,97.9,102.1,23,31,-8,4.3,6.5,35,32,3,52.24,93.55,95.65,24,26,-2,10,17,-7
4,1,3,0,106.1,98.9,39,24,15,10.3,4.2,24,36,-12,40,95.83,94.74,19,29,-10,14,14,0
2,1,1,1,100.2,99.8,35,18,17,5.7,5.6,30,28,2,51.72,94.44,94.29,19,22,-3,9,21,-12
4,3,1,0,98.2,101.8,28,24,4,10.7,12.5,16,33,-17,32.65,87.5,89.29,24,34,-10,14,13,1
4,3,1,1,106.2,93.8,27,35,-8,14.8,8.6,22,28,-6,44,91.43,85.19,19,14,5,18,15,3
3,0,3,1,110,90,30,29,1,10,0,22,40,-18,35.48,100,90,24,13,11,22,10,12
5,4,1,0,102.9,97.1,30,29,1,16.7,13.8,27,18,9,60,86.21,83.33,9,24,-15,14,13,1
6,2,4,0,114.3,88.6,28,28,0,21.4,7.1,24,41,-17,36.92,92.86,81.48,13,25,-12,21,10,11
4,1,3,0,112.7,91,24,25,-1,16.7,4,26,35,-9,42.62,96,86.96,13,40,-27,20,14,6
5,2,3,1,109.4,90.6,27,22,5,18.5,9.1,32,27,5,54.24,90.91,81.48,32,38,-6,15,9,6
5,2,3,1,106.7,96.2,29,19,10,17.2,10.5,30,25,5,54.55,89.47,85.71,24,12,12,12,15,-3
3,2,1,0,104.6,95.4,25,27,-2,12,7.4,26,25,1,50.98,92.59,88,15,29,-14,20,11,9
2,5,-3,0,93.2,109.9,25,28,-3,8,17.9,22,37,-15,37.29,85.19,92,21,27,-6,13,17,-4
1,3,-2,1,93,111.1,39,22,17,2.6,13.6,23,22,1,51.11,90.48,97.44,11,25,-14,17,21,-4
2,1,1,1,100,100,36,18,18,5.6,5.6,21,30,-9,41.18,94.44,94.44,16,17,-1,17,23,-6
6,1,5,1,114,86,33,24,9,18.2,4.2,29,24,5,54.72,95.83,81.82,26,29,-3,20,14,6
3,0,3,1,110.3,92.9,29,22,7,10.3,0,28,18,10,60.87,100,92.86,23,21,2,18,9,9
1,2,-1,1,96.6,103.4,19,23,-4,5.3,8.7,29,28,1,50.88,91.3,94.74,31,33,-2,11,11,0
5,2,3,1,109.5,96.8,30,28,2,16.7,7.1,28,23,5,54.9,92.86,89.66,17,17,0,24,7,17
2,4,-2,1,98,105.1,23,29,-6,8.7,13.8,19,27,-8,41.3,89.29,91.3,21,9,12,15,13,2
3,4,-1,1,93.3,106.7,30,24,6,10,16.7,32,18,14,64,83.33,90,26,44,-18,9,22,-13
2,5,-3,0,100.8,104.1,22,38,-16,9.1,13.2,19,20,-1,48.72,91.67,90.91,30,26,4,20,15,5
3,0,3,1,110.7,89.3,28,22,6,10.7,0,30,24,6,55.56,100,89.29,17,28,-11,21,15,6
4,2,2,1,111.7,88.3,23,35,-12,17.4,5.7,18,28,-10,39.13,94.29,82.61,15,21,-6,18,13,5
5,2,3,0,110.5,92.6,27,25,2,18.5,8,23,26,-3,46.94,92,84.62,15,29,-14,22,6,16
5,0,5,1,120.8,79.2,24,19,5,20.8,0,26,24,2,52,100,79.17,7,12,-5,16,14,2
2,3,-1,0,99,101,23,31,-8,8.7,9.7,31,31,0,50,90.32,91.3,12,27,-15,21,17,4
4,3,1,0,103.5,96.5,33,35,-2,12.1,8.6,30,20,10,60,91.43,87.88,17,18,-1,13,13,0
4,2,2,1,107.7,95.6,27,28,-1,14.8,7.1,26,26,0,50,92.86,88.46,11,20,-9,15,11,4
2,3,-1,1,101.7,98.3,20,36,-16,10,8.3,23,27,-4,46,91.67,90,31,27,4,25,12,13
8,1,7,1,118.7,81.3,35,24,11,22.9,4.2,32,35,-3,47.76,95.83,77.14,35,56,-21,16,8,8
1,4,-3,1,92.9,110.3,25,28,-3,4,14.3,31,15,16,67.39,88.89,96,13,28,-15,16,24,-8
4,2,2,0,99.5,103.6,29,14,15,13.8,14.3,21,23,-2,47.73,85.71,89.29,15,13,2,10,12,-2
3,2,1,0,103,97,31,30,1,9.7,6.7,37,30,7,55.22,93.33,90.32,15,28,-13,18,15,3
1,4,-3,1,94.7,108.2,23,32,-9,4.3,12.5,22,36,-14,37.93,90.32,95.65,18,24,-6,13,14,-1
1,3,-2,0,97,106,27,31,-4,3.7,9.7,33,26,7,55.93,93.33,96.3,31,18,13,16,13,3
3,4,-1,0,98.7,101.3,25,30,-5,12,13.3,15,33,-18,31.25,86.67,88,22,17,5,12,8,4
1,4,-3,0,97.8,105,14,33,-19,7.1,12.1,27,30,-3,47.37,90.63,92.86,18,32,-14,12,13,-1
4,1,3,0,110.2,92.6,32,44,-12,12.5,2.3,24,29,-5,45.28,97.73,90.32,16,19,-3,17,14,3
1,4,-3,0,95.6,106.9,24,36,-12,4.2,11.1,24,26,-2,48,91.43,95.83,18,29,-11,15,10,5
4,1,3,0,107.8,95.2,30,18,12,13.3,5.6,32,31,1,50.79,94.44,89.66,11,29,-18,14,14,0
6,3,3,1,109.2,97.6,27,22,5,22.2,13.6,26,35,-9,42.62,86.96,84,20,36,-16,10,16,-6
0,5,-5,0,83.9,116.1,27,31,-4,0,16.1,35,23,12,60.34,83.87,100,29,27,2,14,11,3
1,4,-3,0,93.5,109.6,24,29,-5,4.2,13.8,25,33,-8,43.1,89.29,95.83,25,16,9,10,19,-9
6,3,3,0,109.8,92.7,33,36,-3,18.2,8.3,18,33,-15,35.29,91.67,84.38,13,21,-8,12,12,0
4,1,3,1,113,87,25,33,-8,16,3,24,28,-4,46.15,96.97,84,18,18,0,17,9,8
1,0,1,1,103.6,96.4,28,35,-7,3.6,0,33,26,7,55.93,100,96.43,10,18,-8,15,15,0
3,0,3,1,110.7,92.6,28,21,7,10.7,0,31,26,5,54.39,100,92.59,24,19,5,18,5,13
7,4,3,1,107.3,97.7,34,30,4,20.6,13.3,33,39,-6,45.83,86.67,84.38,31,16,15,13,5,8
6,2,4,0,104.5,95.5,44,22,22,13.6,9.1,28,30,-2,48.28,90.91,86.36,17,20,-3,11,13,-2
6,2,4,0,111.2,88.8,29,21,8,20.7,9.5,33,21,12,61.11,90.48,79.31,10,31,-21,17,6,11
4,6,-2,1,103.1,99.3,23,36,-13,17.4,16.7,19,38,-19,33.33,85.71,82.61,21,25,-4,11,18,-7
5,3,2,0,103.9,98.6,35,29,6,14.3,10.3,34,39,-5,46.58,89.66,88.24,18,31,-13,17,18,-1
4,3,1,0,101.7,98.3,36,32,4,11.1,9.4,40,35,5,53.33,90.63,88.89,31,34,-3,15,16,-1
3,2,1,0,105.6,94.4,24,29,-5,12.5,6.9,30,22,8,57.69,93.1,87.5,14,22,-8,16,21,-5
6,3,3,1,109.1,93.3,37,42,-5,16.2,7.1,28,34,-6,45.16,92.86,86.11,21,18,3,25,11,14
8,3,5,1,108.6,91.4,36,22,14,22.2,13.6,28,27,1,50.91,86.36,77.78,20,25,-5,10,21,-11
2,1,1,1,102,98,35,27,8,5.7,3.7,31,28,3,52.54,96.3,94.29,16,18,-2,11,15,-4
2,1,1,1,101.9,98.1,35,26,9,5.7,3.8,38,22,16,63.33,96.15,94.29,13,17,-4,10,16,-6
6,0,6,0,130,70,20,30,-10,30,0,20,29,-9,40.82,100,70,9,15,-6,29,8,21
